Id,Genre,SampledType,Compose,Action,Adventure,Animation,Biography,Comedy,Crime,Drama,Family,Fantasy,Film-Noir,History,Horror,Music,Musical,Mystery,News,Reality-TV,Romance,Sci-Fi,Sport,Talk-Show,Thriller,War,Western
tt0038363,"['Comedy','Fantasy']",N,272,0,0,0,0,1,0,0,0,1,0,0,0,0,0,0,0,0,0,0,0,0,0,0,0
tt0037913,"['Crime','Drama','Film-Noir','Mystery','Romance']",N,148064,0,0,0,0,0,1,1,0,0,1,0,0,0,0,1,0,0,1,0,0,0,0,0,0
tt0038109,"['Film-Noir','Mystery','Romance','Thriller']",N,2245120,0,0,0,0,0,0,0,0,0,1,0,0,0,0,1,0,0,1,0,0,0,1,0,0
tt0037558,"['Drama','Romance']",N,131136,0,0,0,0,0,0,1,0,0,0,0,0,0,0,0,0,0,1,0,0,0,0,0,0
tt0038048,"['Adventure','Drama','Romance','Western']",N,8519746,0,1,0,0,0,0,1,0,0,0,0,0,0,0,0,0,0,1,0,0,0,0,0,1
tt0037884,"['Drama','Film-Noir']",N,576,0,0,0,0,0,0,1,0,0,1,0,0,0,0,0,0,0,0,0,0,0,0,0,0
tt0037988,"['Drama','Fantasy','Horror','Mystery','Romance','Thriller']",N,2246976,0,0,0,0,0,0,1,0,1,0,0,1,0,0,1,0,0,1,0,0,0,1,0,0
tt0037638,"['Crime','Drama','Film-Noir']",N,608,0,0,0,0,0,1,1,0,0,1,0,0,0,0,0,0,0,0,0,0,0,0,0,0
tt0037515,"['Crime','Drama','Mystery','Thriller']",N,2113632,0,0,0,0,0,1,1,0,0,0,0,0,0,0,1,0,0,0,0,0,0,1,0,0
tt0038390,"['Biography','Comedy','Drama','History','Romance','War']",N,4326488,0,0,0,1,1,0,1,0,0,0,1,0,0,0,0,0,0,1,0,0,0,0,1,0
tt0037865,"['Drama','Film-Noir','Romance','Thriller']",N,2228800,0,0,0,0,0,0,1,0,0,1,0,0,0,0,0,0,0,1,0,0,0,1,0,0
tt0037635,"['Drama','Horror']",N,2112,0,0,0,0,0,0,1,0,0,0,0,1,0,0,0,0,0,0,0,0,0,0,0,0
tt0038057,"['Drama','Film-Noir','Thriller']",N,2097728,0,0,0,0,0,0,1,0,0,1,0,0,0,0,0,0,0,0,0,0,0,1,0,0
tt0038890,"['Drama','Thriller','War']",N,6291520,0,0,0,0,0,0,1,0,0,0,0,0,0,0,0,0,0,0,0,0,0,1,1,0
tt0037557,"['Comedy']",N,16,0,0,0,0,1,0,0,0,0,0,0,0,0,0,0,0,0,0,0,0,0,0,0,0
tt0038160,"['Drama','War']",N,4194368,0,0,0,0,0,0,1,0,0,0,0,0,0,0,0,0,0,0,0,0,0,0,1,0
tt0037671,"['Drama','Fantasy','Romance']",N,131392,0,0,0,0,0,0,1,0,1,0,0,0,0,0,0,0,0,1,0,0,0,0,0,0
tt0037795,"['Crime','Drama','Film-Noir','Mystery','Thriller','War']",N,6308448,0,0,0,0,0,1,1,0,0,1,0,0,0,0,1,0,0,0,0,0,0,1,1,0
tt0037674,"['Drama','Romance']",N,131136,0,0,0,0,0,0,1,0,0,0,0,0,0,0,0,0,0,1,0,0,0,0,0,0
tt0037514,"['Comedy','Fantasy','Music','Musical','Romance','War']",N,4337936,0,0,0,0,1,0,0,0,1,0,0,0,1,1,0,0,0,1,0,0,0,0,1,0
tt0038107,"['Drama']",N,64,0,0,0,0,0,0,1,0,0,0,0,0,0,0,0,0,0,0,0,0,0,0,0,0
tt0037800,"['Drama','Romance']",N,131136,0,0,0,0,0,0,1,0,0,0,0,0,0,0,0,0,0,1,0,0,0,0,0,0
tt0038190,"['Drama','Romance']",N,131136,0,0,0,0,0,0,1,0,0,0,0,0,0,0,0,0,0,1,0,0,0,0,0,0
tt0037820,"['Drama','Horror','Mystery','Thriller']",N,2115648,0,0,0,0,0,0,1,0,0,0,0,1,0,0,1,0,0,0,0,0,0,1,0,0
tt0038116,"['Comedy','Drama','Musical','Romance']",N,139344,0,0,0,0,1,0,1,0,0,0,0,0,0,1,0,0,0,1,0,0,0,0,0,0
tt0037536,"['Drama']",N,64,0,0,0,0,0,0,1,0,0,0,0,0,0,0,0,0,0,0,0,0,0,0,0,0
tt0037614,"['Drama']",N,64,0,0,0,0,0,0,1,0,0,0,0,0,0,0,0,0,0,0,0,0,0,0,0,0
tt0037549,"['Horror','Thriller']",N,2099200,0,0,0,0,0,0,0,0,0,0,0,1,0,0,0,0,0,0,0,0,0,1,0,0
tt0039116,"['Comedy','Musical']",N,8208,0,0,0,0,1,0,0,0,0,0,0,0,0,1,0,0,0,0,0,0,0,0,0,0
tt0037691,"['Crime','Film-Noir','Mystery','Romance']",N,148000,0,0,0,0,0,1,0,0,0,1,0,0,0,0,1,0,0,1,0,0,0,0,0,0
tt0038259,"['Drama','Mystery']",N,16448,0,0,0,0,0,0,1,0,0,0,0,0,0,0,1,0,0,0,0,0,0,0,0,0
tt0037954,"['Action','Adventure','Drama','War']",N,4194371,1,1,0,0,0,0,1,0,0,0,0,0,0,0,0,0,0,0,0,0,0,0,1,0
tt0037595,"['Comedy','Romance']",N,131088,0,0,0,0,1,0,0,0,0,0,0,0,0,0,0,0,0,1,0,0,0,0,0,0
tt0038235,"['Drama','War']",N,4194368,0,0,0,0,0,0,1,0,0,0,0,0,0,0,0,0,0,0,0,0,0,0,1,0
tt0038256,"['Comedy','Romance']",N,131088,0,0,0,0,1,0,0,0,0,0,0,0,0,0,0,0,0,1,0,0,0,0,0,0
tt0038053,"['Drama','Romance','Western']",N,8519744,0,0,0,0,0,0,1,0,0,0,0,0,0,0,0,0,0,1,0,0,0,0,0,1
tt0037576,"['Adventure','Biography','Drama','History']",N,1098,0,1,0,1,0,0,1,0,0,0,1,0,0,0,0,0,0,0,0,0,0,0,0,0
tt0037794,"['Crime','Film-Noir','Mystery','Thriller']",N,2114080,0,0,0,0,0,1,0,0,0,1,0,0,0,0,1,0,0,0,0,0,0,1,0,0
tt0038250,"['Adventure','Drama']",N,66,0,1,0,0,0,0,1,0,0,0,0,0,0,0,0,0,0,0,0,0,0,0,0,0
tt0038151,"['Action','Adventure']",N,3,1,1,0,0,0,0,0,0,0,0,0,0,0,0,0,0,0,0,0,0,0,0,0,0
tt0037522,"['Drama','War']",N,4194368,0,0,0,0,0,0,1,0,0,0,0,0,0,0,0,0,0,0,0,0,0,0,1,0
tt0038026,"['Biography','Drama','Musical','Romance']",N,139336,0,0,0,1,0,0,1,0,0,0,0,0,0,1,0,0,0,1,0,0,0,0,0,0
tt0037611,"['Drama','Film-Noir','Mystery','Thriller']",N,2114112,0,0,0,0,0,0,1,0,0,1,0,0,0,0,1,0,0,0,0,0,0,1,0,0
tt0037932,"['Crime','Drama','Film-Noir','Mystery','Thriller']",N,2114144,0,0,0,0,0,1,1,0,0,1,0,0,0,0,1,0,0,0,0,0,0,1,0,0
tt0038214,"['Horror']",N,2048,0,0,0,0,0,0,0,0,0,0,0,1,0,0,0,0,0,0,0,0,0,0,0,0
tt0037678,"['Crime','Drama','Film-Noir']",N,608,0,0,0,0,0,1,1,0,0,1,0,0,0,0,0,0,0,0,0,0,0,0,0,0
tt0037793,"['Fantasy','Horror','Sci-Fi']",N,264448,0,0,0,0,0,0,0,0,1,0,0,1,0,0,0,0,0,0,1,0,0,0,0,0
tt0038213,"['Drama']",N,64,0,0,0,0,0,0,1,0,0,0,0,0,0,0,0,0,0,0,0,0,0,0,0,0
tt0037761,"['Crime','Drama','Music','Thriller']",N,2101344,0,0,0,0,0,1,1,0,0,0,0,0,1,0,0,0,0,0,0,0,0,1,0,0
tt0037642,"['Action','Crime','Mystery','Thriller']",N,2113569,1,0,0,0,0,1,0,0,0,0,0,0,0,0,1,0,0,0,0,0,0,1,0,0
tt0038120,"['Biography','Drama','War']",N,4194376,0,0,0,1,0,0,1,0,0,0,0,0,0,0,0,0,0,0,0,0,0,0,1,0
tt0219936,"['Drama','Romance']",N,131136,0,0,0,0,0,0,1,0,0,0,0,0,0,0,0,0,0,1,0,0,0,0,0,0
tt0038924,"['Drama','Music']",N,4160,0,0,0,0,0,0,1,0,0,0,0,0,1,0,0,0,0,0,0,0,0,0,0,0
tt0038008,"['Adventure','Crime','Mystery','Romance']",N,147490,0,1,0,0,0,1,0,0,0,0,0,0,0,0,1,0,0,1,0,0,0,0,0,0
tt0037508,"['Comedy','Romance','Western']",N,8519696,0,0,0,0,1,0,0,0,0,0,0,0,0,0,0,0,0,1,0,0,0,0,0,1
tt0038108,"['Adventure','Drama','Romance']",N,131138,0,1,0,0,0,0,1,0,0,0,0,0,0,0,0,0,0,1,0,0,0,0,0,0
tt0037604,"['Drama','Romance']",N,131136,0,0,0,0,0,0,1,0,0,0,0,0,0,0,0,0,0,1,0,0,0,0,0,0
tt0037630,"['Drama','Romance']",N,131136,0,0,0,0,0,0,1,0,0,0,0,0,0,0,0,0,0,1,0,0,0,0,0,0
tt0038238,"['Drama','Romance','War']",N,4325440,0,0,0,0,0,0,1,0,0,0,0,0,0,0,0,0,0,1,0,0,0,0,1,0
tt0038123,"['Drama','Film-Noir','Romance']",N,131648,0,0,0,0,0,0,1,0,0,1,0,0,0,0,0,0,0,1,0,0,0,0,0,0
tt0037931,"['Comedy','Crime','Mystery']",N,16432,0,0,0,0,1,1,0,0,0,0,0,0,0,0,1,0,0,0,0,0,0,0,0,0
tt0037547,"['Drama','Romance','Thriller','War']",N,6422592,0,0,0,0,0,0,1,0,0,0,0,0,0,0,0,0,0,1,0,0,0,1,1,0
tt0037711,"['Drama','Horror','Mystery','Romance','Thriller']",N,2246720,0,0,0,0,0,0,1,0,0,0,0,1,0,0,1,0,0,1,0,0,0,1,0,0
tt0037893,"['Comedy','Drama']",N,80,0,0,0,0,1,0,1,0,0,0,0,0,0,0,0,0,0,0,0,0,0,0,0,0
tt0037494,"['Comedy','Drama','Romance']",N,131152,0,0,0,0,1,0,1,0,0,0,0,0,0,0,0,0,0,1,0,0,0,0,0,0
tt0038260,"['Comedy','Fantasy','Musical']",N,8464,0,0,0,0,1,0,0,0,1,0,0,0,0,1,0,0,0,0,0,0,0,0,0,0
tt0037838,"['Action','Adventure','Drama']",N,67,1,1,0,0,0,0,1,0,0,0,0,0,0,0,0,0,0,0,0,0,0,0,0,0
tt0038660,"['Comedy','Drama','Romance','War']",N,4325456,0,0,0,0,1,0,1,0,0,0,0,0,0,0,0,0,0,1,0,0,0,0,1,0
tt0038000,"['Biography','Drama','Romance','War']",N,4325448,0,0,0,1,0,0,1,0,0,0,0,0,0,0,0,0,0,1,0,0,0,0,1,0
tt0037963,"['Drama','Family']",N,192,0,0,0,0,0,0,1,1,0,0,0,0,0,0,0,0,0,0,0,0,0,0,0,0
tt0038239,"['Comedy','Drama','Musical','Romance']",N,139344,0,0,0,0,1,0,1,0,0,0,0,0,0,1,0,0,0,1,0,0,0,0,0,0
tt0037859,"['Comedy','Crime','Film-Noir','Mystery','Romance','Thriller']",N,2245168,0,0,0,0,1,1,0,0,0,1,0,0,0,0,1,0,0,1,0,0,0,1,0,0
tt0037769,"['Comedy','Romance']",N,131088,0,0,0,0,1,0,0,0,0,0,0,0,0,0,0,0,0,1,0,0,0,0,0,0
tt0037980,"['Drama','Romance']",N,131136,0,0,0,0,0,0,1,0,0,0,0,0,0,0,0,0,0,1,0,0,0,0,0,0
tt0037811,"['Drama','War']",N,4194368,0,0,0,0,0,0,1,0,0,0,0,0,0,0,0,0,0,0,0,0,0,0,1,0
tt0037702,"['Musical','Romance','Western']",N,8527872,0,0,0,0,0,0,0,0,0,0,0,0,0,1,0,0,0,1,0,0,0,0,0,1
tt0037997,"['Crime','Film-Noir','Romance','Thriller']",N,2228768,0,0,0,0,0,1,0,0,0,1,0,0,0,0,0,0,0,1,0,0,0,1,0,0
tt0037615,"['Drama','Film-Noir','Thriller']",N,2097728,0,0,0,0,0,0,1,0,0,1,0,0,0,0,0,0,0,0,0,0,0,1,0,0
tt0037563,"['Adventure','Comedy','Musical']",N,8210,0,1,0,0,1,0,0,0,0,0,0,0,0,1,0,0,0,0,0,0,0,0,0,0
tt0037492,"['Action','Comedy','Music']",N,4113,1,0,0,0,1,0,0,0,0,0,0,0,1,0,0,0,0,0,0,0,0,0,0,0
tt0036989,"['Drama','History','Romance','War']",N,4326464,0,0,0,0,0,0,1,0,0,0,1,0,0,0,0,0,0,1,0,0,0,0,1,0
tt0037610,"['Drama','Thriller']",N,2097216,0,0,0,0,0,0,1,0,0,0,0,0,0,0,0,0,0,0,0,0,0,1,0,0
tt0037627,"['Western']",N,8388608,0,0,0,0,0,0,0,0,0,0,0,0,0,0,0,0,0,0,0,0,0,0,0,1
tt0038032,"['Adventure','Comedy','Family','Musical']",N,8338,0,1,0,0,1,0,0,1,0,0,0,0,0,1,0,0,0,0,0,0,0,0,0,0
tt0038046,"['Adventure','Drama','Music','Romance','War','Western']",N,12718146,0,1,0,0,0,0,1,0,0,0,0,0,1,0,0,0,0,1,0,0,0,0,1,1
tt0038268,"['Action','Adventure','Drama']",N,67,1,1,0,0,0,0,1,0,0,0,0,0,0,0,0,0,0,0,0,0,0,0,0,0
tt0037651,"['Biography','Drama','Musical','Romance']",N,139336,0,0,0,1,0,0,1,0,0,0,0,0,0,1,0,0,0,1,0,0,0,0,0,0
tt0038262,"['Fantasy','Musical','Romance']",N,139520,0,0,0,0,0,0,0,0,1,0,0,0,0,1,0,0,0,1,0,0,0,0,0,0
tt0037885,"['Drama','Mystery','Romance']",N,147520,0,0,0,0,0,0,1,0,0,0,0,0,0,0,1,0,0,1,0,0,0,0,0,0
tt0037918,"['Comedy','Mystery']",N,16400,0,0,0,0,1,0,0,0,0,0,0,0,0,0,1,0,0,0,0,0,0,0,0,0
tt0037644,"['Biography','Crime','Drama','Film-Noir','Thriller']",N,2097768,0,0,0,1,0,1,1,0,0,1,0,0,0,0,0,0,0,0,0,0,0,1,0,0
tt0037662,"['Comedy','Musical']",N,8208,0,0,0,0,1,0,0,0,0,0,0,0,0,1,0,0,0,0,0,0,0,0,0,0
tt0038104,"['Biography','Drama','Music']",N,4168,0,0,0,1,0,0,1,0,0,0,0,0,1,0,0,0,0,0,0,0,0,0,0,0
tt0038040,"['Comedy','Drama','History','Romance']",N,132176,0,0,0,0,1,0,1,0,0,0,1,0,0,0,0,0,0,1,0,0,0,0,0,0
tt0037849,"['Drama','History']",N,1088,0,0,0,0,0,0,1,0,0,0,1,0,0,0,0,0,0,0,0,0,0,0,0,0
tt0037939,"['Adventure','Comedy','Music','Romance']",N,135186,0,1,0,0,1,0,0,0,0,0,0,0,1,0,0,0,0,1,0,0,0,0,0,0
tt0037843,"['Drama','War']",N,4194368,0,0,0,0,0,0,1,0,0,0,0,0,0,0,0,0,0,0,0,0,0,0,1,0
tt0038056,"['Comedy','Crime','Mystery','Thriller']",N,2113584,0,0,0,0,1,1,0,0,0,0,0,0,0,0,1,0,0,0,0,0,0,1,0,0
tt0037895,"['Action','Sci-Fi']",N,262145,1,0,0,0,0,0,0,0,0,0,0,0,0,0,0,0,0,0,1,0,0,0,0,0
tt0037964,"['Comedy','Music','Romance']",N,135184,0,0,0,0,1,0,0,0,0,0,0,0,1,0,0,0,0,1,0,0,0,0,0,0
tt0038178,"['Drama','Musical']",N,8256,0,0,0,0,0,0,1,0,0,0,0,0,0,1,0,0,0,0,0,0,0,0,0,0
tt0038038,"['Comedy','Drama']",N,80,0,0,0,0,1,0,1,0,0,0,0,0,0,0,0,0,0,0,0,0,0,0,0,0
tt0037746,"['Action','Adventure','Biography','Drama','War']",N,4194379,1,1,0,1,0,0,1,0,0,0,0,0,0,0,0,0,0,0,0,0,0,0,1,0
tt0037534,"['Drama','War']",N,4194368,0,0,0,0,0,0,1,0,0,0,0,0,0,0,0,0,0,0,0,0,0,0,1,0
tt0038165,"['Adventure','Comedy','Fantasy','Musical']",N,8466,0,1,0,0,1,0,0,0,1,0,0,0,0,1,0,0,0,0,0,0,0,0,0,0
tt0037790,"['Comedy','Fantasy','Music']",N,4368,0,0,0,0,1,0,0,0,1,0,0,0,1,0,0,0,0,0,0,0,0,0,0,0
tt0038170,"['Musical','Romance']",N,139264,0,0,0,0,0,0,0,0,0,0,0,0,0,1,0,0,0,1,0,0,0,0,0,0
tt0038182,"['Adventure','Drama','Thriller']",N,2097218,0,1,0,0,0,0,1,0,0,0,0,0,0,0,0,0,0,0,0,0,0,1,0,0
tt0038126,"['Crime','Drama','Film-Noir','Mystery']",N,16992,0,0,0,0,0,1,1,0,0,1,0,0,0,0,1,0,0,0,0,0,0,0,0,0
tt0037035,"['Drama','Mystery']",N,16448,0,0,0,0,0,0,1,0,0,0,0,0,0,0,1,0,0,0,0,0,0,0,0,0
tt0037749,"['Drama','Film-Noir','Mystery','Romance','Thriller']",N,2245184,0,0,0,0,0,0,1,0,0,1,0,0,0,0,1,0,0,1,0,0,0,1,0,0
tt0037991,"['Drama','Thriller']",N,2097216,0,0,0,0,0,0,1,0,0,0,0,0,0,0,0,0,0,0,0,0,0,1,0,0
tt0037972,"['Drama','War']",N,4194368,0,0,0,0,0,0,1,0,0,0,0,0,0,0,0,0,0,0,0,0,0,0,1,0
tt0038119,"['Comedy','Musical','Romance']",N,139280,0,0,0,0,1,0,0,0,0,0,0,0,0,1,0,0,0,1,0,0,0,0,0,0
tt0040603,"['Drama']",N,64,0,0,0,0,0,0,1,0,0,0,0,0,0,0,0,0,0,0,0,0,0,0,0,0
tt0037527,"['Drama','Family']",N,192,0,0,0,0,0,0,1,1,0,0,0,0,0,0,0,0,0,0,0,0,0,0,0,0
tt0037966,"['Comedy']",N,16,0,0,0,0,1,0,0,0,0,0,0,0,0,0,0,0,0,0,0,0,0,0,0,0
tt0037736,"['Comedy','Music']",N,4112,0,0,0,0,1,0,0,0,0,0,0,0,1,0,0,0,0,0,0,0,0,0,0,0
tt0037837,"['Horror','Sci-Fi']",N,264192,0,0,0,0,0,0,0,0,0,0,0,1,0,0,0,0,0,0,1,0,0,0,0,0
tt0037632,"['Crime','Drama','Film-Noir','Romance']",N,131680,0,0,0,0,0,1,1,0,0,1,0,0,0,0,0,0,0,1,0,0,0,0,0,0
tt0037785,"['Comedy']",N,16,0,0,0,0,1,0,0,0,0,0,0,0,0,0,0,0,0,0,0,0,0,0,0,0
tt0037721,"['Action','Adventure','Music','Romance','Western']",N,8523779,1,1,0,0,0,0,0,0,0,0,0,0,1,0,0,0,0,1,0,0,0,0,0,1
tt0037650,"['Comedy','Music','Romance']",N,135184,0,0,0,0,1,0,0,0,0,0,0,0,1,0,0,0,0,1,0,0,0,0,0,0
tt0037179,"['Drama','Mystery','Thriller']",N,2113600,0,0,0,0,0,0,1,0,0,0,0,0,0,0,1,0,0,0,0,0,0,1,0,0
tt0037498,"['Comedy','Drama','Romance']",N,131152,0,0,0,0,1,0,1,0,0,0,0,0,0,0,0,0,0,1,0,0,0,0,0,0
tt0038205,"['Drama','Film-Noir','Mystery','Thriller']",N,2114112,0,0,0,0,0,0,1,0,0,1,0,0,0,0,1,0,0,0,0,0,0,1,0,0
tt0038549,"['Adventure']",N,2,0,1,0,0,0,0,0,0,0,0,0,0,0,0,0,0,0,0,0,0,0,0,0,0
tt0037923,"['Comedy','Musical']",N,8208,0,0,0,0,1,0,0,0,0,0,0,0,0,1,0,0,0,0,0,0,0,0,0,0
tt0038663,"['Drama','War']",N,4194368,0,0,0,0,0,0,1,0,0,0,0,0,0,0,0,0,0,0,0,0,0,0,1,0
tt0037447,"['Drama','Romance','War']",N,4325440,0,0,0,0,0,0,1,0,0,0,0,0,0,0,0,0,0,1,0,0,0,0,1,0
tt0038080,"['Comedy','Crime','Drama','Mystery','Thriller']",N,2113648,0,0,0,0,1,1,1,0,0,0,0,0,0,0,1,0,0,0,0,0,0,1,0,0
tt0038007,"['Action','Sci-Fi']",N,262145,1,0,0,0,0,0,0,0,0,0,0,0,0,0,0,0,0,0,1,0,0,0,0,0
tt0037832,"['Crime','Drama','Film-Noir','Mystery','Thriller']",N,2114144,0,0,0,0,0,1,1,0,0,1,0,0,0,0,1,0,0,0,0,0,0,1,0,0
tt0037771,"['Comedy','Music','Sport']",N,528400,0,0,0,0,1,0,0,0,0,0,0,0,1,0,0,0,0,0,0,1,0,0,0,0
tt0037822,"['Comedy','Drama','Musical']",N,8272,0,0,0,0,1,0,1,0,0,0,0,0,0,1,0,0,0,0,0,0,0,0,0,0
tt0037637,"['Adventure','Drama','Family']",N,194,0,1,0,0,0,0,1,1,0,0,0,0,0,0,0,0,0,0,0,0,0,0,0,0
tt0037767,"['Comedy','Crime','Mystery']",N,16432,0,0,0,0,1,1,0,0,0,0,0,0,0,0,1,0,0,0,0,0,0,0,0,0
tt0038199,"['Crime','Drama','Film-Noir','Mystery']",N,16992,0,0,0,0,0,1,1,0,0,1,0,0,0,0,1,0,0,0,0,0,0,0,0,0
tt0038134,"['Action','Adventure','Romance']",N,131075,1,1,0,0,0,0,0,0,0,0,0,0,0,0,0,0,0,1,0,0,0,0,0,0
tt0036577,"['Drama','History','Romance','War']",N,4326464,0,0,0,0,0,0,1,0,0,0,1,0,0,0,0,0,0,1,0,0,0,0,1,0
tt0038245,"['Fantasy','Musical']",N,8448,0,0,0,0,0,0,0,0,1,0,0,0,0,1,0,0,0,0,0,0,0,0,0,0
tt0038263,"['Drama','Romance']",N,131136,0,0,0,0,0,0,1,0,0,0,0,0,0,0,0,0,0,1,0,0,0,0,0,0
tt0038017,"['Comedy','Crime','Mystery','Thriller']",N,2113584,0,0,0,0,1,1,0,0,0,0,0,0,0,0,1,0,0,0,0,0,0,1,0,0
tt0037950,"['Drama','Romance']",N,131136,0,0,0,0,0,0,1,0,0,0,0,0,0,0,0,0,0,1,0,0,0,0,0,0
tt0037904,"['Action','Adventure','Crime','Drama']",N,99,1,1,0,0,0,1,1,0,0,0,0,0,0,0,0,0,0,0,0,0,0,0,0,0
tt0038097,"['Adventure','Drama','Family','War']",N,4194498,0,1,0,0,0,0,1,1,0,0,0,0,0,0,0,0,0,0,0,0,0,0,1,0
tt0037791,"['Drama','War']",N,4194368,0,0,0,0,0,0,1,0,0,0,0,0,0,0,0,0,0,0,0,0,0,0,1,0
tt0037799,"['Comedy','Crime']",N,48,0,0,0,0,1,1,0,0,0,0,0,0,0,0,0,0,0,0,0,0,0,0,0,0
tt0037946,"['Drama','Musical']",N,8256,0,0,0,0,0,0,1,0,0,0,0,0,0,1,0,0,0,0,0,0,0,0,0,0
tt0037636,"['Musical','Romance']",N,139264,0,0,0,0,0,0,0,0,0,0,0,0,0,1,0,0,0,1,0,0,0,0,0,0
tt0037506,"['Drama']",N,64,0,0,0,0,0,0,1,0,0,0,0,0,0,0,0,0,0,0,0,0,0,0,0,0
tt0038062,"['Action','Adventure']",N,3,1,1,0,0,0,0,0,0,0,0,0,0,0,0,0,0,0,0,0,0,0,0,0,0
tt0037940,"['Western']",N,8388608,0,0,0,0,0,0,0,0,0,0,0,0,0,0,0,0,0,0,0,0,0,0,0,1
tt0037826,"['Horror','Mystery','Sci-Fi']",N,280576,0,0,0,0,0,0,0,0,0,0,0,1,0,0,1,0,0,0,1,0,0,0,0,0
tt0037848,"['Comedy']",N,16,0,0,0,0,1,0,0,0,0,0,0,0,0,0,0,0,0,0,0,0,0,0,0,0
tt0037575,"['Biography','Drama']",N,72,0,0,0,1,0,0,1,0,0,0,0,0,0,0,0,0,0,0,0,0,0,0,0,0
tt0037823,"['Comedy']",N,16,0,0,0,0,1,0,0,0,0,0,0,0,0,0,0,0,0,0,0,0,0,0,0,0
tt0037663,"['Comedy','Music']",N,4112,0,0,0,0,1,0,0,0,0,0,0,0,1,0,0,0,0,0,0,0,0,0,0,0
tt0038246,"['Adventure','Comedy']",N,18,0,1,0,0,1,0,0,0,0,0,0,0,0,0,0,0,0,0,0,0,0,0,0,0
tt0038125,"['Drama','Thriller']",N,2097216,0,0,0,0,0,0,1,0,0,0,0,0,0,0,0,0,0,0,0,0,0,1,0,0
tt0037960,"['Comedy','Crime','Mystery']",N,16432,0,0,0,0,1,1,0,0,0,0,0,0,0,0,1,0,0,0,0,0,0,0,0,0
tt0037927,"['Action','Adventure','Thriller']",N,2097155,1,1,0,0,0,0,0,0,0,0,0,0,0,0,0,0,0,0,0,0,0,1,0,0
tt0037858,"['Crime','Drama','Film-Noir','Mystery','Thriller']",N,2114144,0,0,0,0,0,1,1,0,0,1,0,0,0,0,1,0,0,0,0,0,0,1,0,0
tt0037560,"['Comedy','Musical']",N,8208,0,0,0,0,1,0,0,0,0,0,0,0,0,1,0,0,0,0,0,0,0,0,0,0
tt0038270,"['Comedy','Fantasy','Horror']",N,2320,0,0,0,0,1,0,0,0,1,0,0,1,0,0,0,0,0,0,0,0,0,0,0,0
tt0037816,"['Biography','Drama','Musical','Romance']",N,139336,0,0,0,1,0,0,1,0,0,0,0,0,0,1,0,0,0,1,0,0,0,0,0,0
tt0037694,"['Action','Adventure','Crime']",N,35,1,1,0,0,0,1,0,0,0,0,0,0,0,0,0,0,0,0,0,0,0,0,0,0
tt0039234,"['Drama','Music']",N,4160,0,0,0,0,0,0,1,0,0,0,0,0,1,0,0,0,0,0,0,0,0,0,0,0
tt0035853,"['Drama','Romance']",N,131136,0,0,0,0,0,0,1,0,0,0,0,0,0,0,0,0,0,1,0,0,0,0,0,0
tt0038084,"['Comedy','Romance']",N,131088,0,0,0,0,1,0,0,0,0,0,0,0,0,0,0,0,0,1,0,0,0,0,0,0
tt0037628,"['Action','Adventure','Drama','Western']",N,8388675,1,1,0,0,0,0,1,0,0,0,0,0,0,0,0,0,0,0,0,0,0,0,0,1
tt0037593,"['Adventure','Drama','War']",N,4194370,0,1,0,0,0,0,1,0,0,0,0,0,0,0,0,0,0,0,0,0,0,0,1,0
tt0038161,"['Drama']",N,64,0,0,0,0,0,0,1,0,0,0,0,0,0,0,0,0,0,0,0,0,0,0,0,0
tt0037618,"['Drama','War']",N,4194368,0,0,0,0,0,0,1,0,0,0,0,0,0,0,0,0,0,0,0,0,0,0,1,0
tt0039987,"['Adventure']",N,2,0,1,0,0,0,0,0,0,0,0,0,0,0,0,0,0,0,0,0,0,0,0,0,0
tt0037756,"['Comedy','Romance']",N,131088,0,0,0,0,1,0,0,0,0,0,0,0,0,0,0,0,0,1,0,0,0,0,0,0
tt0038033,"['Action','Comedy','Music','Western']",N,8392721,1,0,0,0,1,0,0,0,0,0,0,0,1,0,0,0,0,0,0,0,0,0,0,1
tt0037038,"['Action','Crime','Drama','Thriller']",N,2097249,1,0,0,0,0,1,1,0,0,0,0,0,0,0,0,0,0,0,0,0,0,1,0,0
tt0038228,"['Comedy']",N,16,0,0,0,0,1,0,0,0,0,0,0,0,0,0,0,0,0,0,0,0,0,0,0,0
tt0037722,"['Horror','Mystery','Romance']",N,149504,0,0,0,0,0,0,0,0,0,0,0,1,0,0,1,0,0,1,0,0,0,0,0,0
tt0037871,"['Drama','War']",N,4194368,0,0,0,0,0,0,1,0,0,0,0,0,0,0,0,0,0,0,0,0,0,0,1,0
tt0037640,"['Musical']",N,8192,0,0,0,0,0,0,0,0,0,0,0,0,0,1,0,0,0,0,0,0,0,0,0,0
tt0037588,"['Comedy','Drama']",N,80,0,0,0,0,1,0,1,0,0,0,0,0,0,0,0,0,0,0,0,0,0,0,0,0
tt0038136,"['Western']",N,8388608,0,0,0,0,0,0,0,0,0,0,0,0,0,0,0,0,0,0,0,0,0,0,0,1
tt0037605,"['Drama','Mystery']",N,16448,0,0,0,0,0,0,1,0,0,0,0,0,0,0,1,0,0,0,0,0,0,0,0,0
tt0038826,"['Action','Comedy','Romance']",N,131089,1,0,0,0,1,0,0,0,0,0,0,0,0,0,0,0,0,1,0,0,0,0,0,0
tt0037509,"['Adventure','Music','Western']",N,8392706,0,1,0,0,0,0,0,0,0,0,0,0,1,0,0,0,0,0,0,0,0,0,0,1
tt0037672,"['Drama','Family']",N,192,0,0,0,0,0,0,1,1,0,0,0,0,0,0,0,0,0,0,0,0,0,0,0,0
tt0038241,"['Action','Romance','Western']",N,8519681,1,0,0,0,0,0,0,0,0,0,0,0,0,0,0,0,0,1,0,0,0,0,0,1
tt0036678,"['Drama','Romance']",N,131136,0,0,0,0,0,0,1,0,0,0,0,0,0,0,0,0,0,1,0,0,0,0,0,0
tt0037990,"['Comedy','Romance']",N,131088,0,0,0,0,1,0,0,0,0,0,0,0,0,0,0,0,0,1,0,0,0,0,0,0
tt0037539,"['Crime','Drama','Film-Noir','Thriller']",N,2097760,0,0,0,0,0,1,1,0,0,1,0,0,0,0,0,0,0,0,0,0,0,1,0,0
tt0037541,"['Comedy','Drama','Music','Sport']",N,528464,0,0,0,0,1,0,1,0,0,0,0,0,1,0,0,0,0,0,0,1,0,0,0,0
tt0037518,"['Crime','Drama','Film-Noir']",N,608,0,0,0,0,0,1,1,0,0,1,0,0,0,0,0,0,0,0,0,0,0,0,0,0
tt0037840,"['Comedy']",N,16,0,0,0,0,1,0,0,0,0,0,0,0,0,0,0,0,0,0,0,0,0,0,0,0
tt0037701,"['Drama','War']",N,4194368,0,0,0,0,0,0,1,0,0,0,0,0,0,0,0,0,0,0,0,0,0,0,1,0
tt0037643,"['Drama']",N,64,0,0,0,0,0,0,1,0,0,0,0,0,0,0,0,0,0,0,0,0,0,0,0,0
tt0037985,"['Mystery']",N,16384,0,0,0,0,0,0,0,0,0,0,0,0,0,0,1,0,0,0,0,0,0,0,0,0
tt0037801,"['Comedy','Drama','Romance','War']",N,4325456,0,0,0,0,1,0,1,0,0,0,0,0,0,0,0,0,0,1,0,0,0,0,1,0
tt0037677,"['Drama','Thriller','War']",N,6291520,0,0,0,0,0,0,1,0,0,0,0,0,0,0,0,0,0,0,0,0,0,1,1,0
tt0037666,"['Thriller']",N,2097152,0,0,0,0,0,0,0,0,0,0,0,0,0,0,0,0,0,0,0,0,0,1,0,0
tt0038117,"['Comedy','Crime','Romance']",N,131120,0,0,0,0,1,1,0,0,0,0,0,0,0,0,0,0,0,1,0,0,0,0,0,0
tt0037505,"['Crime','Drama','Film-Noir']",N,608,0,0,0,0,0,1,1,0,0,1,0,0,0,0,0,0,0,0,0,0,0,0,0,0
tt0142666,"['Adventure','Animation','Family','Musical','War']",N,4202630,0,1,1,0,0,0,0,1,0,0,0,0,0,1,0,0,0,0,0,0,0,0,1,0
tt0038172,"['Action','Drama','Family','Western']",N,8388801,1,0,0,0,0,0,1,1,0,0,0,0,0,0,0,0,0,0,0,0,0,0,0,1
tt0037989,"['Drama','Film-Noir','Horror','Mystery','Romance']",N,150080,0,0,0,0,0,0,1,0,0,1,0,1,0,0,1,0,0,1,0,0,0,0,0,0
tt0038230,"['Drama','Film-Noir']",N,576,0,0,0,0,0,0,1,0,0,1,0,0,0,0,0,0,0,0,0,0,0,0,0,0
tt0037530,"['Comedy']",N,16,0,0,0,0,1,0,0,0,0,0,0,0,0,0,0,0,0,0,0,0,0,0,0,0
tt0038039,"['Action','Western']",N,8388609,1,0,0,0,0,0,0,0,0,0,0,0,0,0,0,0,0,0,0,0,0,0,0,1
tt0038071,"['Action','Crime','Drama','Film-Noir']",N,609,1,0,0,0,0,1,1,0,0,1,0,0,0,0,0,0,0,0,0,0,0,0,0,0
tt0037803,"['Crime','Mystery']",N,16416,0,0,0,0,0,1,0,0,0,0,0,0,0,0,1,0,0,0,0,0,0,0,0,0
tt0037554,"['Crime','Drama','Mystery']",N,16480,0,0,0,0,0,1,1,0,0,0,0,0,0,0,1,0,0,0,0,0,0,0,0,0
tt0038124,"['Crime','Drama','Horror','Mystery']",N,18528,0,0,0,0,0,1,1,0,0,0,0,1,0,0,1,0,0,0,0,0,0,0,0,0
tt0038047,"['Drama']",N,64,0,0,0,0,0,0,1,0,0,0,0,0,0,0,0,0,0,0,0,0,0,0,0,0
tt0037046,"['Drama','Film-Noir','Thriller']",N,2097728,0,0,0,0,0,0,1,0,0,1,0,0,0,0,0,0,0,0,0,0,0,1,0,0
tt0038162,"['Drama','Romance']",N,131136,0,0,0,0,0,0,1,0,0,0,0,0,0,0,0,0,0,1,0,0,0,0,0,0
tt0038212,"['Comedy','Music','Western']",N,8392720,0,0,0,0,1,0,0,0,0,0,0,0,1,0,0,0,0,0,0,0,0,0,0,1
tt0038275,"['Drama','History','Romance','War']",N,4326464,0,0,0,0,0,0,1,0,0,0,1,0,0,0,0,0,0,1,0,0,0,0,1,0
tt0037776,"['Mystery']",N,16384,0,0,0,0,0,0,0,0,0,0,0,0,0,0,1,0,0,0,0,0,0,0,0,0
tt0037620,"['Mystery']",N,16384,0,0,0,0,0,0,0,0,0,0,0,0,0,0,1,0,0,0,0,0,0,0,0,0
tt0037685,"['Comedy','Music']",N,4112,0,0,0,0,1,0,0,0,0,0,0,0,1,0,0,0,0,0,0,0,0,0,0,0
tt0037757,"['Western']",N,8388608,0,0,0,0,0,0,0,0,0,0,0,0,0,0,0,0,0,0,0,0,0,0,0,1
tt0037741,"['Drama']",N,64,0,0,0,0,0,0,1,0,0,0,0,0,0,0,0,0,0,0,0,0,0,0,0,0
tt0032459,"['Comedy','Romance']",N,131088,0,0,0,0,1,0,0,0,0,0,0,0,0,0,0,0,0,1,0,0,0,0,0,0
tt0038083,"['Comedy']",N,16,0,0,0,0,1,0,0,0,0,0,0,0,0,0,0,0,0,0,0,0,0,0,0,0
tt0038197,"['Comedy']",N,16,0,0,0,0,1,0,0,0,0,0,0,0,0,0,0,0,0,0,0,0,0,0,0,0
tt0038045,"['Comedy']",N,16,0,0,0,0,1,0,0,0,0,0,0,0,0,0,0,0,0,0,0,0,0,0,0,0
tt0038163,"['Adventure','Drama']",N,66,0,1,0,0,0,0,1,0,0,0,0,0,0,0,0,0,0,0,0,0,0,0,0,0
tt0038164,"['Adventure','Comedy','Drama','Romance']",N,131154,0,1,0,0,1,0,1,0,0,0,0,0,0,0,0,0,0,1,0,0,0,0,0,0
tt0037535,"['Action','Music','Western']",N,8392705,1,0,0,0,0,0,0,0,0,0,0,0,1,0,0,0,0,0,0,0,0,0,0,1
tt0036640,"['Drama']",N,64,0,0,0,0,0,0,1,0,0,0,0,0,0,0,0,0,0,0,0,0,0,0,0,0
tt0037690,"['Crime','Mystery']",N,16416,0,0,0,0,0,1,0,0,0,0,0,0,0,0,1,0,0,0,0,0,0,0,0,0
tt0038156,"['Comedy']",N,16,0,0,0,0,1,0,0,0,0,0,0,0,0,0,0,0,0,0,0,0,0,0,0,0
tt0037648,"['Action','Adventure','Comedy','Crime','Drama']",N,115,1,1,0,0,1,1,1,0,0,0,0,0,0,0,0,0,0,0,0,0,0,0,0,0
tt0038244,"['Comedy','Romance']",N,131088,0,0,0,0,1,0,0,0,0,0,0,0,0,0,0,0,0,1,0,0,0,0,0,0
tt0037748,"['Drama']",N,64,0,0,0,0,0,0,1,0,0,0,0,0,0,0,0,0,0,0,0,0,0,0,0,0
tt0038091,"['Comedy','Music','Romance']",N,135184,0,0,0,0,1,0,0,0,0,0,0,0,1,0,0,0,0,1,0,0,0,0,0,0
tt0037598,"['Crime','Drama','Film-Noir']",N,608,0,0,0,0,0,1,1,0,0,1,0,0,0,0,0,0,0,0,0,0,0,0,0,0
tt0037903,"['Comedy']",N,16,0,0,0,0,1,0,0,0,0,0,0,0,0,0,0,0,0,0,0,0,0,0,0,0
tt0038055,"['Comedy','Mystery']",N,16400,0,0,0,0,1,0,0,0,0,0,0,0,0,0,1,0,0,0,0,0,0,0,0,0
tt0037656,"['Western']",N,8388608,0,0,0,0,0,0,0,0,0,0,0,0,0,0,0,0,0,0,0,0,0,0,0,1
tt0037839,"['Action']",N,1,1,0,0,0,0,0,0,0,0,0,0,0,0,0,0,0,0,0,0,0,0,0,0,0
tt0219570,"['Comedy','Drama','Musical']",N,8272,0,0,0,0,1,0,1,0,0,0,0,0,0,1,0,0,0,0,0,0,0,0,0,0
tt0037829,"['Crime','Drama','Film-Noir','Mystery']",N,16992,0,0,0,0,0,1,1,0,0,1,0,0,0,0,1,0,0,0,0,0,0,0,0,0
tt0038110,"['Crime','Film-Noir','Mystery']",N,16928,0,0,0,0,0,1,0,0,0,1,0,0,0,0,1,0,0,0,0,0,0,0,0,0
tt0037634,"['Adventure','Crime','Mystery','Romance']",N,147490,0,1,0,0,0,1,0,0,0,0,0,0,0,0,1,0,0,1,0,0,0,0,0,0
tt0038211,"['Drama','War']",N,4194368,0,0,0,0,0,0,1,0,0,0,0,0,0,0,0,0,0,0,0,0,0,0,1,0
tt0037916,"['Comedy']",N,16,0,0,0,0,1,0,0,0,0,0,0,0,0,0,0,0,0,0,0,0,0,0,0,0
tt0037559,"['Crime','Drama','Romance','Thriller']",N,2228320,0,0,0,0,0,1,1,0,0,0,0,0,0,0,0,0,0,1,0,0,0,1,0,0
tt0037621,"['Crime','Mystery']",N,16416,0,0,0,0,0,1,0,0,0,0,0,0,0,0,1,0,0,0,0,0,0,0,0,0
tt0037556,"['Action','Adventure','Crime','Drama','Thriller']",N,2097251,1,1,0,0,0,1,1,0,0,0,0,0,0,0,0,0,0,0,0,0,0,1,0,0
tt0037750,"['Biography','Drama','Sport']",N,524360,0,0,0,1,0,0,1,0,0,0,0,0,0,0,0,0,0,0,0,1,0,0,0,0
tt0038043,"['Drama','War']",N,4194368,0,0,0,0,0,0,1,0,0,0,0,0,0,0,0,0,0,0,0,0,0,0,1,0
tt0037751,"['Mystery']",N,16384,0,0,0,0,0,0,0,0,0,0,0,0,0,0,1,0,0,0,0,0,0,0,0,0
tt0039642,"['Thriller']",N,2097152,0,0,0,0,0,0,0,0,0,0,0,0,0,0,0,0,0,0,0,0,0,1,0,0
tt0038100,"['Music','Musical']",N,12288,0,0,0,0,0,0,0,0,0,0,0,0,1,1,0,0,0,0,0,0,0,0,0,0
tt0037737,"['Comedy','Romance']",N,131088,0,0,0,0,1,0,0,0,0,0,0,0,0,0,0,0,0,1,0,0,0,0,0,0
tt0153549,"['Drama']",N,64,0,0,0,0,0,0,1,0,0,0,0,0,0,0,0,0,0,0,0,0,0,0,0,0
tt0037520,"['Comedy','Musical']",N,8208,0,0,0,0,1,0,0,0,0,0,0,0,0,1,0,0,0,0,0,0,0,0,0,0
tt0037984,"['Action','Crime','Horror','Mystery','Romance']",N,149537,1,0,0,0,0,1,0,0,0,0,0,1,0,0,1,0,0,1,0,0,0,0,0,0
tt0165130,"['Adventure','Drama','Romance']",N,131138,0,1,0,0,0,0,1,0,0,0,0,0,0,0,0,0,0,1,0,0,0,0,0,0
tt0037949,"['Action','Drama','Romance','Western']",N,8519745,1,0,0,0,0,0,1,0,0,0,0,0,0,0,0,0,0,1,0,0,0,0,0,1
tt0179797,"['Drama','War']",N,4194368,0,0,0,0,0,0,1,0,0,0,0,0,0,0,0,0,0,0,0,0,0,0,1,0
tt0379423,"['Drama','Family']",N,192,0,0,0,0,0,0,1,1,0,0,0,0,0,0,0,0,0,0,0,0,0,0,0,0
tt0037752,"['Film-Noir','Mystery']",N,16896,0,0,0,0,0,0,0,0,0,1,0,0,0,0,1,0,0,0,0,0,0,0,0,0
tt0219917,"['Comedy','Musical','Romance']",N,139280,0,0,0,0,1,0,0,0,0,0,0,0,0,1,0,0,0,1,0,0,0,0,0,0
tt0037961,"['Western']",N,8388608,0,0,0,0,0,0,0,0,0,0,0,0,0,0,0,0,0,0,0,0,0,0,0,1
tt0039215,"['Drama']",N,64,0,0,0,0,0,0,1,0,0,0,0,0,0,0,0,0,0,0,0,0,0,0,0,0
tt0038196,"['Drama']",N,64,0,0,0,0,0,0,1,0,0,0,0,0,0,0,0,0,0,0,0,0,0,0,0,0
tt0038249,"['Crime','Drama','Music','Romance']",N,135264,0,0,0,0,0,1,1,0,0,0,0,0,1,0,0,0,0,1,0,0,0,0,0,0
tt0167227,"['Action','Adventure','Fantasy','Romance']",N,131331,1,1,0,0,0,0,0,0,1,0,0,0,0,0,0,0,0,1,0,0,0,0,0,0
tt0038219,"['Comedy']",N,16,0,0,0,0,1,0,0,0,0,0,0,0,0,0,0,0,0,0,0,0,0,0,0,0
tt0037538,"['Action','Drama']",N,65,1,0,0,0,0,0,1,0,0,0,0,0,0,0,0,0,0,0,0,0,0,0,0,0
tt0038179,"['Drama','Romance','War']",N,4325440,0,0,0,0,0,0,1,0,0,0,0,0,0,0,0,0,0,1,0,0,0,0,1,0
tt0037806,"['Musical']",N,8192,0,0,0,0,0,0,0,0,0,0,0,0,0,1,0,0,0,0,0,0,0,0,0,0
tt0037655,"['Comedy']",N,16,0,0,0,0,1,0,0,0,0,0,0,0,0,0,0,0,0,0,0,0,0,0,0,0
tt0037426,"['Drama','War']",N,4194368,0,0,0,0,0,0,1,0,0,0,0,0,0,0,0,0,0,0,0,0,0,0,1,0
tt0037489,"['Comedy','Drama']",N,80,0,0,0,0,1,0,1,0,0,0,0,0,0,0,0,0,0,0,0,0,0,0,0,0
tt0037561,"['Drama']",N,64,0,0,0,0,0,0,1,0,0,0,0,0,0,0,0,0,0,0,0,0,0,0,0,0
tt0132064,"['Drama','Film-Noir','Mystery','Romance']",N,148032,0,0,0,0,0,0,1,0,0,1,0,0,0,0,1,0,0,1,0,0,0,0,0,0
tt0037907,"['Drama']",N,64,0,0,0,0,0,0,1,0,0,0,0,0,0,0,0,0,0,0,0,0,0,0,0,0
tt0036758,"['Comedy','Crime','Mystery','Romance']",N,147504,0,0,0,0,1,1,0,0,0,0,0,0,0,0,1,0,0,1,0,0,0,0,0,0
tt0448690,"['Drama']",N,64,0,0,0,0,0,0,1,0,0,0,0,0,0,0,0,0,0,0,0,0,0,0,0,0
tt0037590,"['Western']",N,8388608,0,0,0,0,0,0,0,0,0,0,0,0,0,0,0,0,0,0,0,0,0,0,0,1
tt0038684,"['Thriller']",N,2097152,0,0,0,0,0,0,0,0,0,0,0,0,0,0,0,0,0,0,0,0,0,1,0,0
tt0037218,"['Adventure','Music','Western']",N,8392706,0,1,0,0,0,0,0,0,0,0,0,0,1,0,0,0,0,0,0,0,0,0,0,1
tt0037567,"['Musical']",N,8192,0,0,0,0,0,0,0,0,0,0,0,0,0,1,0,0,0,0,0,0,0,0,0,0
tt0038691,"['Comedy']",N,16,0,0,0,0,1,0,0,0,0,0,0,0,0,0,0,0,0,0,0,0,0,0,0,0
tt0037664,"['Musical','Romance']",N,139264,0,0,0,0,0,0,0,0,0,0,0,0,0,1,0,0,0,1,0,0,0,0,0,0
tt0038248,"['Action','Crime','Mystery']",N,16417,1,0,0,0,0,1,0,0,0,0,0,0,0,0,1,0,0,0,0,0,0,0,0,0
tt0037807,"['Comedy','Crime','Music','Mystery']",N,20528,0,0,0,0,1,1,0,0,0,0,0,0,1,0,1,0,0,0,0,0,0,0,0,0
tt0036901,"['Comedy']",N,16,0,0,0,0,1,0,0,0,0,0,0,0,0,0,0,0,0,0,0,0,0,0,0,0
tt0038237,"['Action','Romance','Western']",N,8519681,1,0,0,0,0,0,0,0,0,0,0,0,0,0,0,0,0,1,0,0,0,0,0,1
tt0180132,"['Drama','Mystery','Romance']",N,147520,0,0,0,0,0,0,1,0,0,0,0,0,0,0,1,0,0,1,0,0,0,0,0,0
tt0037894,"['Western']",N,8388608,0,0,0,0,0,0,0,0,0,0,0,0,0,0,0,0,0,0,0,0,0,0,0,1
tt0037300,"['Crime','Drama','Horror']",N,2144,0,0,0,0,0,1,1,0,0,0,0,1,0,0,0,0,0,0,0,0,0,0,0,0
tt0274965,"['Crime']",N,32,0,0,0,0,0,1,0,0,0,0,0,0,0,0,0,0,0,0,0,0,0,0,0,0
tt0037174,"['Drama']",N,64,0,0,0,0,0,0,1,0,0,0,0,0,0,0,0,0,0,0,0,0,0,0,0,0
tt0121500,"['Comedy','Drama','Fantasy','History','Horror','Romance']",N,134480,0,0,0,0,1,0,1,0,1,0,1,1,0,0,0,0,0,1,0,0,0,0,0,0
tt0037645,"['Drama']",N,64,0,0,0,0,0,0,1,0,0,0,0,0,0,0,0,0,0,0,0,0,0,0,0,0
tt0037847,"['Comedy','Crime','Drama','Music']",N,4208,0,0,0,0,1,1,1,0,0,0,0,0,1,0,0,0,0,0,0,0,0,0,0,0
tt0037906,"['Drama']",N,64,0,0,0,0,0,0,1,0,0,0,0,0,0,0,0,0,0,0,0,0,0,0,0,0
tt0161535,"['Comedy','Drama','Fantasy']",N,336,0,0,0,0,1,0,1,0,1,0,0,0,0,0,0,0,0,0,0,0,0,0,0,0
tt0039925,"['Comedy']",N,16,0,0,0,0,1,0,0,0,0,0,0,0,0,0,0,0,0,0,0,0,0,0,0,0
tt0038203,"['Action','Adventure','Music','Western']",N,8392707,1,1,0,0,0,0,0,0,0,0,0,0,1,0,0,0,0,0,0,0,0,0,0,1
tt0038157,"['Comedy','Musical']",N,8208,0,0,0,0,1,0,0,0,0,0,0,0,0,1,0,0,0,0,0,0,0,0,0,0
tt0037866,"['Comedy']",N,16,0,0,0,0,1,0,0,0,0,0,0,0,0,0,0,0,0,0,0,0,0,0,0,0
tt0038918,"['Crime','Drama']",N,96,0,0,0,0,0,1,1,0,0,0,0,0,0,0,0,0,0,0,0,0,0,0,0,0
tt0038852,"['Drama']",N,64,0,0,0,0,0,0,1,0,0,0,0,0,0,0,0,0,0,0,0,0,0,0,0,0
tt0036815,"['Comedy']",N,16,0,0,0,0,1,0,0,0,0,0,0,0,0,0,0,0,0,0,0,0,0,0,0,0
tt0037867,"['Drama','War']",N,4194368,0,0,0,0,0,0,1,0,0,0,0,0,0,0,0,0,0,0,0,0,0,0,1,0
tt0037969,"['Drama','History','Western']",N,8389696,0,0,0,0,0,0,1,0,0,0,1,0,0,0,0,0,0,0,0,0,0,0,0,1
tt0037623,"['Mystery']",N,16384,0,0,0,0,0,0,0,0,0,0,0,0,0,0,1,0,0,0,0,0,0,0,0,0
tt0142385,"['Drama','History']",N,1088,0,0,0,0,0,0,1,0,0,0,1,0,0,0,0,0,0,0,0,0,0,0,0,0
tt0038021,"['Action','Adventure','Music','Western']",N,8392707,1,1,0,0,0,0,0,0,0,0,0,0,1,0,0,0,0,0,0,0,0,0,0,1
tt0037629,"['Drama','Romance']",N,131136,0,0,0,0,0,0,1,0,0,0,0,0,0,0,0,0,0,1,0,0,0,0,0,0
tt0037717,"['Action','Drama','Music','Mystery','Romance','Western']",N,8540225,1,0,0,0,0,0,1,0,0,0,0,0,1,0,1,0,0,1,0,0,0,0,0,1
tt0038243,"['Comedy','War']",N,4194320,0,0,0,0,1,0,0,0,0,0,0,0,0,0,0,0,0,0,0,0,0,0,1,0
tt0037777,"['Action','Adventure','Drama']",N,67,1,1,0,0,0,0,1,0,0,0,0,0,0,0,0,0,0,0,0,0,0,0,0,0
tt0037731,"['Adventure','Animation','Musical']",N,8198,0,1,1,0,0,0,0,0,0,0,0,0,0,1,0,0,0,0,0,0,0,0,0,0
tt0237688,"['Musical']",N,8192,0,0,0,0,0,0,0,0,0,0,0,0,0,1,0,0,0,0,0,0,0,0,0,0
tt0038079,"['Comedy','Crime','Romance']",N,131120,0,0,0,0,1,1,0,0,0,0,0,0,0,0,0,0,0,1,0,0,0,0,0,0
tt0200987,"['Drama']",N,64,0,0,0,0,0,0,1,0,0,0,0,0,0,0,0,0,0,0,0,0,0,0,0,0
tt0036284,"['Comedy']",N,16,0,0,0,0,1,0,0,0,0,0,0,0,0,0,0,0,0,0,0,0,0,0,0,0
tt0037622,"['Crime','Drama','Film-Noir','Thriller']",N,2097760,0,0,0,0,0,1,1,0,0,1,0,0,0,0,0,0,0,0,0,0,0,1,0,0
tt0038603,"['Comedy','Music']",N,4112,0,0,0,0,1,0,0,0,0,0,0,0,1,0,0,0,0,0,0,0,0,0,0,0
tt0037786,"['Comedy','Drama']",N,80,0,0,0,0,1,0,1,0,0,0,0,0,0,0,0,0,0,0,0,0,0,0,0,0
tt0038142,"['Comedy','Music']",N,4112,0,0,0,0,1,0,0,0,0,0,0,0,1,0,0,0,0,0,0,0,0,0,0,0
tt0038254,"['Western']",N,8388608,0,0,0,0,0,0,0,0,0,0,0,0,0,0,0,0,0,0,0,0,0,0,0,1
tt0038075,"['Comedy']",N,16,0,0,0,0,1,0,0,0,0,0,0,0,0,0,0,0,0,0,0,0,0,0,0,0
tt0037594,"['Drama','War']",N,4194368,0,0,0,0,0,0,1,0,0,0,0,0,0,0,0,0,0,0,0,0,0,0,1,0
tt0036627,"['Drama']",N,64,0,0,0,0,0,0,1,0,0,0,0,0,0,0,0,0,0,0,0,0,0,0,0,0
tt0210814,"['Western']",N,8388608,0,0,0,0,0,0,0,0,0,0,0,0,0,0,0,0,0,0,0,0,0,0,0,1
tt0037673,"['Action','Adventure','Music','Western']",N,8392707,1,1,0,0,0,0,0,0,0,0,0,0,1,0,0,0,0,0,0,0,0,0,0,1
tt0037652,"['Crime']",N,32,0,0,0,0,0,1,0,0,0,0,0,0,0,0,0,0,0,0,0,0,0,0,0,0
tt0037061,"['Drama','Thriller']",N,2097216,0,0,0,0,0,0,1,0,0,0,0,0,0,0,0,0,0,0,0,0,0,1,0,0
tt0037692,"['Adventure','Comedy','Crime','Mystery','Romance','Thriller']",N,2244658,0,1,0,0,1,1,0,0,0,0,0,0,0,0,1,0,0,1,0,0,0,1,0,0
tt0038049,"['War']",N,4194304,0,0,0,0,0,0,0,0,0,0,0,0,0,0,0,0,0,0,0,0,0,0,1,0
tt0037579,"['Crime','Drama','Mystery']",N,16480,0,0,0,0,0,1,1,0,0,0,0,0,0,0,1,0,0,0,0,0,0,0,0,0
tt0038030,"['Crime','Drama','Film-Noir','Mystery','Romance']",N,148064,0,0,0,0,0,1,1,0,0,1,0,0,0,0,1,0,0,1,0,0,0,0,0,0
tt0039019,"['Action','Adventure','Music','Western']",N,8392707,1,1,0,0,0,0,0,0,0,0,0,0,1,0,0,0,0,0,0,0,0,0,0,1
tt0037986,"['Western']",N,8388608,0,0,0,0,0,0,0,0,0,0,0,0,0,0,0,0,0,0,0,0,0,0,0,1
tt0037714,"['Comedy']",N,16,0,0,0,0,1,0,0,0,0,0,0,0,0,0,0,0,0,0,0,0,0,0,0,0
tt0037936,"['Drama','Romance']",N,131136,0,0,0,0,0,0,1,0,0,0,0,0,0,0,0,0,0,1,0,0,0,0,0,0
tt0037742,"['Action','Crime','Drama','Mystery']",N,16481,1,0,0,0,0,1,1,0,0,0,0,0,0,0,1,0,0,0,0,0,0,0,0,0
tt0204319,"['Drama','Fantasy','Mystery']",N,16704,0,0,0,0,0,0,1,0,1,0,0,0,0,0,1,0,0,0,0,0,0,0,0,0
tt0139695,"['Drama','Romance']",N,131136,0,0,0,0,0,0,1,0,0,0,0,0,0,0,0,0,0,1,0,0,0,0,0,0
tt0038065,"['Comedy','Music']",N,4112,0,0,0,0,1,0,0,0,0,0,0,0,1,0,0,0,0,0,0,0,0,0,0,0
tt0191833,"['Western']",N,8388608,0,0,0,0,0,0,0,0,0,0,0,0,0,0,0,0,0,0,0,0,0,0,0,1
tt0037802,"['Adventure','Comedy','Music','Romance']",N,135186,0,1,0,0,1,0,0,0,0,0,0,0,1,0,0,0,0,1,0,0,0,0,0,0
tt0035696,"['Comedy','Drama']",N,80,0,0,0,0,1,0,1,0,0,0,0,0,0,0,0,0,0,0,0,0,0,0,0,0
tt0037909,"['Music','Romance']",N,135168,0,0,0,0,0,0,0,0,0,0,0,0,1,0,0,0,0,1,0,0,0,0,0,0
tt0036781,"['Drama','War']",N,4194368,0,0,0,0,0,0,1,0,0,0,0,0,0,0,0,0,0,0,0,0,0,0,1,0
tt0038957,"['Comedy','War']",N,4194320,0,0,0,0,1,0,0,0,0,0,0,0,0,0,0,0,0,0,0,0,0,0,1,0
tt0038339,"['Comedy','Music','Romance']",N,135184,0,0,0,0,1,0,0,0,0,0,0,0,1,0,0,0,0,1,0,0,0,0,0,0
tt0038255,"['Action','Crime','Drama','Romance']",N,131169,1,0,0,0,0,1,1,0,0,0,0,0,0,0,0,0,0,1,0,0,0,0,0,0
tt0038258,"['Horror','Mystery']",N,18432,0,0,0,0,0,0,0,0,0,0,0,1,0,0,1,0,0,0,0,0,0,0,0,0
tt0037892,"['Comedy']",U,16,0,0,0,0,1,0,0,0,0,0,0,0,0,0,0,0,0,0,0,0,0,0,0,0
tt0192127,"['Drama','Romance']",N,131136,0,0,0,0,0,0,1,0,0,0,0,0,0,0,0,0,0,1,0,0,0,0,0,0
tt0037901,"['Western']",N,8388608,0,0,0,0,0,0,0,0,0,0,0,0,0,0,0,0,0,0,0,0,0,0,0,1
tt0038102,"['Music','Romance','Western']",N,8523776,0,0,0,0,0,0,0,0,0,0,0,0,1,0,0,0,0,1,0,0,0,0,0,1
tt0194068,"['Drama']",U,64,0,0,0,0,0,0,1,0,0,0,0,0,0,0,0,0,0,0,0,0,0,0,0,0
tt0037796,"['Comedy']",U,16,0,0,0,0,1,0,0,0,0,0,0,0,0,0,0,0,0,0,0,0,0,0,0,0
tt0037970,"['Comedy','Musical','Romance']",N,139280,0,0,0,0,1,0,0,0,0,0,0,0,0,1,0,0,0,1,0,0,0,0,0,0
tt0037908,"['Comedy']",U,16,0,0,0,0,1,0,0,0,0,0,0,0,0,0,0,0,0,0,0,0,0,0,0,0
tt0160724,"['Drama']",U,64,0,0,0,0,0,0,1,0,0,0,0,0,0,0,0,0,0,0,0,0,0,0,0,0
tt0035515,"['Drama']",U,64,0,0,0,0,0,0,1,0,0,0,0,0,0,0,0,0,0,0,0,0,0,0,0,0
tt0038723,"['Action','Adventure']",N,3,1,1,0,0,0,0,0,0,0,0,0,0,0,0,0,0,0,0,0,0,0,0,0,0
tt0154026,"['Comedy','Drama']",N,80,0,0,0,0,1,0,1,0,0,0,0,0,0,0,0,0,0,0,0,0,0,0,0,0
tt0037804,"['Musical']",N,8192,0,0,0,0,0,0,0,0,0,0,0,0,0,1,0,0,0,0,0,0,0,0,0,0
tt0037695,"['Drama']",U,64,0,0,0,0,0,0,1,0,0,0,0,0,0,0,0,0,0,0,0,0,0,0,0,0
tt0218448,"['Drama','Romance']",N,131136,0,0,0,0,0,0,1,0,0,0,0,0,0,0,0,0,0,1,0,0,0,0,0,0
tt0037608,"['Western']",N,8388608,0,0,0,0,0,0,0,0,0,0,0,0,0,0,0,0,0,0,0,0,0,0,0,1
tt0195249,"['Crime']",N,32,0,0,0,0,0,1,0,0,0,0,0,0,0,0,0,0,0,0,0,0,0,0,0,0
tt0036588,"['Drama']",U,64,0,0,0,0,0,0,1,0,0,0,0,0,0,0,0,0,0,0,0,0,0,0,0,0
tt0037930,"['Comedy']",U,16,0,0,0,0,1,0,0,0,0,0,0,0,0,0,0,0,0,0,0,0,0,0,0,0
tt0037523,"['Comedy']",U,16,0,0,0,0,1,0,0,0,0,0,0,0,0,0,0,0,0,0,0,0,0,0,0,0
tt0037128,"['Comedy','Music','Romance']",N,135184,0,0,0,0,1,0,0,0,0,0,0,0,1,0,0,0,0,1,0,0,0,0,0,0
tt0038001,"['Action','Adventure','Drama','War']",N,4194371,1,1,0,0,0,0,1,0,0,0,0,0,0,0,0,0,0,0,0,0,0,0,1,0
tt0038234,"['Action','Adventure','Western']",N,8388611,1,1,0,0,0,0,0,0,0,0,0,0,0,0,0,0,0,0,0,0,0,0,0,1
tt0037725,"['Comedy']",U,16,0,0,0,0,1,0,0,0,0,0,0,0,0,0,0,0,0,0,0,0,0,0,0,0
tt0037553,"['Crime','Drama','Mystery']",N,16480,0,0,0,0,0,1,1,0,0,0,0,0,0,0,1,0,0,0,0,0,0,0,0,0
tt0037926,"['Drama']",U,64,0,0,0,0,0,0,1,0,0,0,0,0,0,0,0,0,0,0,0,0,0,0,0,0
tt0038069,"['Comedy','Music','Western']",N,8392720,0,0,0,0,1,0,0,0,0,0,0,0,1,0,0,0,0,0,0,0,0,0,0,1
tt0217301,"['Adventure','Drama','War']",N,4194370,0,1,0,0,0,0,1,0,0,0,0,0,0,0,0,0,0,0,0,0,0,0,1,0
tt0038225,"['Drama']",U,64,0,0,0,0,0,0,1,0,0,0,0,0,0,0,0,0,0,0,0,0,0,0,0,0
tt0037552,"['Western']",N,8388608,0,0,0,0,0,0,0,0,0,0,0,0,0,0,0,0,0,0,0,0,0,0,0,1
tt0038533,"['Comedy','Romance']",N,131088,0,0,0,0,1,0,0,0,0,0,0,0,0,0,0,0,0,1,0,0,0,0,0,0
tt0037646,"['Drama','War']",N,4194368,0,0,0,0,0,0,1,0,0,0,0,0,0,0,0,0,0,0,0,0,0,0,1,0
tt0173942,"['Action','Crime','Romance','Western']",N,8519713,1,0,0,0,0,1,0,0,0,0,0,0,0,0,0,0,0,1,0,0,0,0,0,1
tt0036199,"['Comedy']",U,16,0,0,0,0,1,0,0,0,0,0,0,0,0,0,0,0,0,0,0,0,0,0,0,0
tt0038135,"['Comedy','Music','Romance']",N,135184,0,0,0,0,1,0,0,0,0,0,0,0,1,0,0,0,0,1,0,0,0,0,0,0
tt0037759,"['Comedy','Drama','Romance']",N,131152,0,0,0,0,1,0,1,0,0,0,0,0,0,0,0,0,0,1,0,0,0,0,0,0
tt0038050,"['Western']",N,8388608,0,0,0,0,0,0,0,0,0,0,0,0,0,0,0,0,0,0,0,0,0,0,0,1
tt0037965,"['Western']",N,8388608,0,0,0,0,0,0,0,0,0,0,0,0,0,0,0,0,0,0,0,0,0,0,0,1
tt0037941,"['Drama','War']",N,4194368,0,0,0,0,0,0,1,0,0,0,0,0,0,0,0,0,0,0,0,0,0,0,1,0
tt0262546,"['Drama']",U,64,0,0,0,0,0,0,1,0,0,0,0,0,0,0,0,0,0,0,0,0,0,0,0,0
tt0038185,"['Western']",N,8388608,0,0,0,0,0,0,0,0,0,0,0,0,0,0,0,0,0,0,0,0,0,0,0,1
tt0037600,"['Action','Adventure','Romance','Western']",N,8519683,1,1,0,0,0,0,0,0,0,0,0,0,0,0,0,0,0,1,0,0,0,0,0,1
tt0038101,"['Action','Drama','Music','Romance','Western']",N,8523841,1,0,0,0,0,0,1,0,0,0,0,0,1,0,0,0,0,1,0,0,0,0,0,1
tt0217695,"['Drama','Romance']",N,131136,0,0,0,0,0,0,1,0,0,0,0,0,0,0,0,0,0,1,0,0,0,0,0,0
tt0038068,"['Adventure','Drama']",N,66,0,1,0,0,0,0,1,0,0,0,0,0,0,0,0,0,0,0,0,0,0,0,0,0
tt0038266,"['Drama']",U,64,0,0,0,0,0,0,1,0,0,0,0,0,0,0,0,0,0,0,0,0,0,0,0,0
tt0220185,"['Comedy','Musical']",N,8208,0,0,0,0,1,0,0,0,0,0,0,0,0,1,0,0,0,0,0,0,0,0,0,0
tt0037712,"['Comedy','Crime','Drama','Mystery']",N,16496,0,0,0,0,1,1,1,0,0,0,0,0,0,0,1,0,0,0,0,0,0,0,0,0
tt0220105,"['Drama']",U,64,0,0,0,0,0,0,1,0,0,0,0,0,0,0,0,0,0,0,0,0,0,0,0,0
tt0037543,"['Crime','Drama']",N,96,0,0,0,0,0,1,1,0,0,0,0,0,0,0,0,0,0,0,0,0,0,0,0,0
tt0038058,"['Action','Crime','Mystery','Romance']",N,147489,1,0,0,0,0,1,0,0,0,0,0,0,0,0,1,0,0,1,0,0,0,0,0,0
tt0037525,"['Western']",N,8388608,0,0,0,0,0,0,0,0,0,0,0,0,0,0,0,0,0,0,0,0,0,0,0,1
tt0037999,"['Western']",N,8388608,0,0,0,0,0,0,0,0,0,0,0,0,0,0,0,0,0,0,0,0,0,0,0,1
tt0038153,"['Musical','Romance']",N,139264,0,0,0,0,0,0,0,0,0,0,0,0,0,1,0,0,0,1,0,0,0,0,0,0
tt0217521,"['Action','Adventure','Western']",N,8388611,1,1,0,0,0,0,0,0,0,0,0,0,0,0,0,0,0,0,0,0,0,0,0,1
tt0038686,"['Western']",N,8388608,0,0,0,0,0,0,0,0,0,0,0,0,0,0,0,0,0,0,0,0,0,0,0,1
tt0037978,"['Comedy','Music']",N,4112,0,0,0,0,1,0,0,0,0,0,0,0,1,0,0,0,0,0,0,0,0,0,0,0
tt0218614,"['Comedy','Romance']",N,131088,0,0,0,0,1,0,0,0,0,0,0,0,0,0,0,0,0,1,0,0,0,0,0,0
tt0037616,"['Action','Adventure','War','Western']",N,12582915,1,1,0,0,0,0,0,0,0,0,0,0,0,0,0,0,0,0,0,0,0,0,1,1
tt0037727,"['Crime','Drama']",N,96,0,0,0,0,0,1,1,0,0,0,0,0,0,0,0,0,0,0,0,0,0,0,0,0
tt0037766,"['Comedy','Drama','Musical','Western']",N,8396880,0,0,0,0,1,0,1,0,0,0,0,0,0,1,0,0,0,0,0,0,0,0,0,1
tt0217513,"['Comedy','Drama','Music','Romance']",N,135248,0,0,0,0,1,0,1,0,0,0,0,0,1,0,0,0,0,1,0,0,0,0,0,0
tt0037491,"['Drama']",U,64,0,0,0,0,0,0,1,0,0,0,0,0,0,0,0,0,0,0,0,0,0,0,0,0
tt0038027,"['Comedy','Music','Western']",N,8392720,0,0,0,0,1,0,0,0,0,0,0,0,1,0,0,0,0,0,0,0,0,0,0,1
tt0038022,"['Comedy']",U,16,0,0,0,0,1,0,0,0,0,0,0,0,0,0,0,0,0,0,0,0,0,0,0,0
tt0037967,"['Drama']",U,64,0,0,0,0,0,0,1,0,0,0,0,0,0,0,0,0,0,0,0,0,0,0,0,0
tt0037770,"['Comedy','Music','Musical','Romance']",N,143376,0,0,0,0,1,0,0,0,0,0,0,0,1,1,0,0,0,1,0,0,0,0,0,0
tt0037744,"['Comedy']",U,16,0,0,0,0,1,0,0,0,0,0,0,0,0,0,0,0,0,0,0,0,0,0,0,0
tt0038236,"['Musical']",N,8192,0,0,0,0,0,0,0,0,0,0,0,0,0,1,0,0,0,0,0,0,0,0,0,0
tt0037747,"['Comedy']",U,16,0,0,0,0,1,0,0,0,0,0,0,0,0,0,0,0,0,0,0,0,0,0,0,0
tt0037430,"['Crime','Drama']",N,96,0,0,0,0,0,1,1,0,0,0,0,0,0,0,0,0,0,0,0,0,0,0,0,0
tt0163182,"['Western']",N,8388608,0,0,0,0,0,0,0,0,0,0,0,0,0,0,0,0,0,0,0,0,0,0,0,1
tt0037733,"['Comedy','Music','Romance']",N,135184,0,0,0,0,1,0,0,0,0,0,0,0,1,0,0,0,0,1,0,0,0,0,0,0
tt0036812,"['Comedy']",U,16,0,0,0,0,1,0,0,0,0,0,0,0,0,0,0,0,0,0,0,0,0,0,0,0
tt0218144,"['Crime','Drama']",N,96,0,0,0,0,0,1,1,0,0,0,0,0,0,0,0,0,0,0,0,0,0,0,0,0
tt0036870,"['Drama']",U,64,0,0,0,0,0,0,1,0,0,0,0,0,0,0,0,0,0,0,0,0,0,0,0,0
tt0037779,"['Western']",N,8388608,0,0,0,0,0,0,0,0,0,0,0,0,0,0,0,0,0,0,0,0,0,0,0,1
tt0037902,"['Western']",N,8388608,0,0,0,0,0,0,0,0,0,0,0,0,0,0,0,0,0,0,0,0,0,0,0,1
tt0038181,"['Western']",U,8388608,0,0,0,0,0,0,0,0,0,0,0,0,0,0,0,0,0,0,0,0,0,0,0,1
tt0038144,"['Comedy','Music','Romance']",N,135184,0,0,0,0,1,0,0,0,0,0,0,0,1,0,0,0,0,1,0,0,0,0,0,0
tt0038077,"['Drama','Thriller']",N,2097216,0,0,0,0,0,0,1,0,0,0,0,0,0,0,0,0,0,0,0,0,0,1,0,0
tt0037780,"['Drama']",U,64,0,0,0,0,0,0,1,0,0,0,0,0,0,0,0,0,0,0,0,0,0,0,0,0
tt0038451,"['Adventure','Drama','War']",N,4194370,0,1,0,0,0,0,1,0,0,0,0,0,0,0,0,0,0,0,0,0,0,0,1,0
tt0037713,"['Drama']",U,64,0,0,0,0,0,0,1,0,0,0,0,0,0,0,0,0,0,0,0,0,0,0,0,0
tt0038118,"['Comedy','Crime']",N,48,0,0,0,0,1,1,0,0,0,0,0,0,0,0,0,0,0,0,0,0,0,0,0,0
tt0037599,"['Action','Adventure','Western']",N,8388611,1,1,0,0,0,0,0,0,0,0,0,0,0,0,0,0,0,0,0,0,0,0,0,1
tt0037707,"['Drama','Romance']",N,131136,0,0,0,0,0,0,1,0,0,0,0,0,0,0,0,0,0,1,0,0,0,0,0,0
tt0036666,"['Western']",U,8388608,0,0,0,0,0,0,0,0,0,0,0,0,0,0,0,0,0,0,0,0,0,0,0,1
tt0037808,"['Comedy']",U,16,0,0,0,0,1,0,0,0,0,0,0,0,0,0,0,0,0,0,0,0,0,0,0,0
tt0219998,"['Drama','Romance']",N,131136,0,0,0,0,0,0,1,0,0,0,0,0,0,0,0,0,0,1,0,0,0,0,0,0
tt0037143,"['Drama','War']",N,4194368,0,0,0,0,0,0,1,0,0,0,0,0,0,0,0,0,0,0,0,0,0,0,1,0
tt0036756,"['Comedy','Fantasy']",N,272,0,0,0,0,1,0,0,0,1,0,0,0,0,0,0,0,0,0,0,0,0,0,0,0
tt0038012,"['Comedy','Music','Romance']",N,135184,0,0,0,0,1,0,0,0,0,0,0,0,1,0,0,0,0,1,0,0,0,0,0,0
tt0219986,"['Comedy','Musical']",N,8208,0,0,0,0,1,0,0,0,0,0,0,0,0,1,0,0,0,0,0,0,0,0,0,0
tt0150079,"['Crime','Drama']",N,96,0,0,0,0,0,1,1,0,0,0,0,0,0,0,0,0,0,0,0,0,0,0,0,0
tt0169607,"['Western']",U,8388608,0,0,0,0,0,0,0,0,0,0,0,0,0,0,0,0,0,0,0,0,0,0,0,1
tt0218333,"['Comedy']",U,16,0,0,0,0,1,0,0,0,0,0,0,0,0,0,0,0,0,0,0,0,0,0,0,0
tt0037633,"['Drama']",U,64,0,0,0,0,0,0,1,0,0,0,0,0,0,0,0,0,0,0,0,0,0,0,0,0
tt0037715,"['Drama']",U,64,0,0,0,0,0,0,1,0,0,0,0,0,0,0,0,0,0,0,0,0,0,0,0,0
tt0038044,"['Drama','Thriller']",N,2097216,0,0,0,0,0,0,1,0,0,0,0,0,0,0,0,0,0,0,0,0,0,1,0,0
tt0240922,"['Drama']",U,64,0,0,0,0,0,0,1,0,0,0,0,0,0,0,0,0,0,0,0,0,0,0,0,0
tt0037237,"['Western']",U,8388608,0,0,0,0,0,0,0,0,0,0,0,0,0,0,0,0,0,0,0,0,0,0,0,1
tt0037609,"['Comedy']",U,16,0,0,0,0,1,0,0,0,0,0,0,0,0,0,0,0,0,0,0,0,0,0,0,0
tt0037406,"['Drama']",U,64,0,0,0,0,0,0,1,0,0,0,0,0,0,0,0,0,0,0,0,0,0,0,0,0
tt0179543,"['Drama']",U,64,0,0,0,0,0,0,1,0,0,0,0,0,0,0,0,0,0,0,0,0,0,0,0,0
tt0178728,"['Comedy']",U,16,0,0,0,0,1,0,0,0,0,0,0,0,0,0,0,0,0,0,0,0,0,0,0,0
tt0036927,"['Drama']",U,64,0,0,0,0,0,0,1,0,0,0,0,0,0,0,0,0,0,0,0,0,0,0,0,0
tt0040005,"['Drama','Romance','War']",N,4325440,0,0,0,0,0,0,1,0,0,0,0,0,0,0,0,0,0,1,0,0,0,0,1,0
tt0255941,"['Drama','Romance']",N,131136,0,0,0,0,0,0,1,0,0,0,0,0,0,0,0,0,0,1,0,0,0,0,0,0
tt0037886,"['Comedy','Romance']",N,131088,0,0,0,0,1,0,0,0,0,0,0,0,0,0,0,0,0,1,0,0,0,0,0,0
tt0218257,"['Drama','Romance']",N,131136,0,0,0,0,0,0,1,0,0,0,0,0,0,0,0,0,0,1,0,0,0,0,0,0
tt0214567,"['Adventure']",N,2,0,1,0,0,0,0,0,0,0,0,0,0,0,0,0,0,0,0,0,0,0,0,0,0
tt0037496,"['Drama','Family']",N,192,0,0,0,0,0,0,1,1,0,0,0,0,0,0,0,0,0,0,0,0,0,0,0,0
tt0038054,"['Comedy']",U,16,0,0,0,0,1,0,0,0,0,0,0,0,0,0,0,0,0,0,0,0,0,0,0,0
tt0037577,"['Comedy','Drama']",N,80,0,0,0,0,1,0,1,0,0,0,0,0,0,0,0,0,0,0,0,0,0,0,0,0
tt0037869,"['Musical']",N,8192,0,0,0,0,0,0,0,0,0,0,0,0,0,1,0,0,0,0,0,0,0,0,0,0
tt0037573,"['Drama']",U,64,0,0,0,0,0,0,1,0,0,0,0,0,0,0,0,0,0,0,0,0,0,0,0,0
tt0163189,"['Action','Music','Western']",N,8392705,1,0,0,0,0,0,0,0,0,0,0,0,1,0,0,0,0,0,0,0,0,0,0,1
tt0037883,"['Western']",U,8388608,0,0,0,0,0,0,0,0,0,0,0,0,0,0,0,0,0,0,0,0,0,0,0,1
tt0037703,"['Western']",U,8388608,0,0,0,0,0,0,0,0,0,0,0,0,0,0,0,0,0,0,0,0,0,0,0,1
tt0038103,"['Action','Adventure','Comedy','Music','Romance']",N,135187,1,1,0,0,1,0,0,0,0,0,0,0,1,0,0,0,0,1,0,0,0,0,0,0
tt0220127,"['Comedy','Drama']",N,80,0,0,0,0,1,0,1,0,0,0,0,0,0,0,0,0,0,0,0,0,0,0,0,0
tt0038037,"['Action','Comedy','Drama']",N,81,1,0,0,0,1,0,1,0,0,0,0,0,0,0,0,0,0,0,0,0,0,0,0,0
tt0038099,"['Music','Romance']",N,135168,0,0,0,0,0,0,0,0,0,0,0,0,1,0,0,0,0,1,0,0,0,0,0,0
tt0194317,"['Drama']",U,64,0,0,0,0,0,0,1,0,0,0,0,0,0,0,0,0,0,0,0,0,0,0,0,0
tt0038082,"['Action','Comedy','Music','Romance']",N,135185,1,0,0,0,1,0,0,0,0,0,0,0,1,0,0,0,0,1,0,0,0,0,0,0
tt0038150,"['Drama']",U,64,0,0,0,0,0,0,1,0,0,0,0,0,0,0,0,0,0,0,0,0,0,0,0,0
tt0038169,"['Mystery']",N,16384,0,0,0,0,0,0,0,0,0,0,0,0,0,0,1,0,0,0,0,0,0,0,0,0
tt0036252,"['Drama']",U,64,0,0,0,0,0,0,1,0,0,0,0,0,0,0,0,0,0,0,0,0,0,0,0,0
tt0037592,"['Crime','Drama','Romance']",N,131168,0,0,0,0,0,1,1,0,0,0,0,0,0,0,0,0,0,1,0,0,0,0,0,0
tt0133371,"['Drama']",U,64,0,0,0,0,0,0,1,0,0,0,0,0,0,0,0,0,0,0,0,0,0,0,0,0
tt0140957,"['Fantasy']",N,256,0,0,0,0,0,0,0,0,1,0,0,0,0,0,0,0,0,0,0,0,0,0,0,0
tt0194052,"['Comedy','Drama']",N,80,0,0,0,0,1,0,1,0,0,0,0,0,0,0,0,0,0,0,0,0,0,0,0,0
tt0037855,"['Comedy','Drama']",N,80,0,0,0,0,1,0,1,0,0,0,0,0,0,0,0,0,0,0,0,0,0,0,0,0
tt0851564,"['Drama']",U,64,0,0,0,0,0,0,1,0,0,0,0,0,0,0,0,0,0,0,0,0,0,0,0,0
tt0037959,"['Musical']",N,8192,0,0,0,0,0,0,0,0,0,0,0,0,0,1,0,0,0,0,0,0,0,0,0,0
tt0037562,"['Comedy']",U,16,0,0,0,0,1,0,0,0,0,0,0,0,0,0,0,0,0,0,0,0,0,0,0,0
tt0038031,"['Action','Crime','Mystery']",N,16417,1,0,0,0,0,1,0,0,0,0,0,0,0,0,1,0,0,0,0,0,0,0,0,0
tt0037728,"['Western']",U,8388608,0,0,0,0,0,0,0,0,0,0,0,0,0,0,0,0,0,0,0,0,0,0,0,1
tt0037782,"['Comedy','Drama','Music']",N,4176,0,0,0,0,1,0,1,0,0,0,0,0,1,0,0,0,0,0,0,0,0,0,0,0
tt0168595,"['Western']",U,8388608,0,0,0,0,0,0,0,0,0,0,0,0,0,0,0,0,0,0,0,0,0,0,0,1
tt0037720,"['Western']",U,8388608,0,0,0,0,0,0,0,0,0,0,0,0,0,0,0,0,0,0,0,0,0,0,0,1
tt0279422,"['Drama','Romance']",N,131136,0,0,0,0,0,0,1,0,0,0,0,0,0,0,0,0,0,1,0,0,0,0,0,0
tt0038113,"['Western']",U,8388608,0,0,0,0,0,0,0,0,0,0,0,0,0,0,0,0,0,0,0,0,0,0,0,1
tt0038016,"['Comedy']",U,16,0,0,0,0,1,0,0,0,0,0,0,0,0,0,0,0,0,0,0,0,0,0,0,0
tt0038771,"['Action','Adventure','Western']",N,8388611,1,1,0,0,0,0,0,0,0,0,0,0,0,0,0,0,0,0,0,0,0,0,0,1
tt0037704,"['Action','Music','Western']",N,8392705,1,0,0,0,0,0,0,0,0,0,0,0,1,0,0,0,0,0,0,0,0,0,0,1
tt0036691,"['Comedy']",U,16,0,0,0,0,1,0,0,0,0,0,0,0,0,0,0,0,0,0,0,0,0,0,0,0
tt0134944,"['Drama','War']",N,4194368,0,0,0,0,0,0,1,0,0,0,0,0,0,0,0,0,0,0,0,0,0,0,1,0
tt0037079,"['Crime','Drama','Mystery']",N,16480,0,0,0,0,0,1,1,0,0,0,0,0,0,0,1,0,0,0,0,0,0,0,0,0
tt0218501,"['Drama','War']",N,4194368,0,0,0,0,0,0,1,0,0,0,0,0,0,0,0,0,0,0,0,0,0,0,1,0
tt0037787,"['Comedy']",U,16,0,0,0,0,1,0,0,0,0,0,0,0,0,0,0,0,0,0,0,0,0,0,0,0
tt0036985,"['Comedy','Romance']",N,131088,0,0,0,0,1,0,0,0,0,0,0,0,0,0,0,0,0,1,0,0,0,0,0,0
tt0038320,"['Action','Drama','Music','Romance','Western']",N,8523841,1,0,0,0,0,0,1,0,0,0,0,0,1,0,0,0,0,1,0,0,0,0,0,1
tt0038183,"['Comedy','Musical']",N,8208,0,0,0,0,1,0,0,0,0,0,0,0,0,1,0,0,0,0,0,0,0,0,0,0
tt0037511,"['Drama']",U,64,0,0,0,0,0,0,1,0,0,0,0,0,0,0,0,0,0,0,0,0,0,0,0,0
tt0237800,"['History','Romance']",N,132096,0,0,0,0,0,0,0,0,0,0,1,0,0,0,0,0,0,1,0,0,0,0,0,0
tt0038215,"['Comedy','Drama','Romance']",N,131152,0,0,0,0,1,0,1,0,0,0,0,0,0,0,0,0,0,1,0,0,0,0,0,0
tt0038158,"['Comedy','Mystery']",N,16400,0,0,0,0,1,0,0,0,0,0,0,0,0,0,1,0,0,0,0,0,0,0,0,0
tt0038010,"['Drama']",U,64,0,0,0,0,0,0,1,0,0,0,0,0,0,0,0,0,0,0,0,0,0,0,0,0
tt0236697,"['Western']",U,8388608,0,0,0,0,0,0,0,0,0,0,0,0,0,0,0,0,0,0,0,0,0,0,0,1
tt0037697,"['Western']",U,8388608,0,0,0,0,0,0,0,0,0,0,0,0,0,0,0,0,0,0,0,0,0,0,0,1
tt0037670,"['Comedy','Romance']",N,131088,0,0,0,0,1,0,0,0,0,0,0,0,0,0,0,0,0,1,0,0,0,0,0,0
tt0037546,"['Comedy','Drama']",N,80,0,0,0,0,1,0,1,0,0,0,0,0,0,0,0,0,0,0,0,0,0,0,0,0
tt0214182,"['Drama','Family']",N,192,0,0,0,0,0,0,1,1,0,0,0,0,0,0,0,0,0,0,0,0,0,0,0,0
tt0219503,"['Drama']",U,64,0,0,0,0,0,0,1,0,0,0,0,0,0,0,0,0,0,0,0,0,0,0,0,0
tt0038173,"['Drama']",U,64,0,0,0,0,0,0,1,0,0,0,0,0,0,0,0,0,0,0,0,0,0,0,0,0
tt0037805,"['Drama']",U,64,0,0,0,0,0,0,1,0,0,0,0,0,0,0,0,0,0,0,0,0,0,0,0,0
tt0039016,"['Comedy']",U,16,0,0,0,0,1,0,0,0,0,0,0,0,0,0,0,0,0,0,0,0,0,0,0,0
tt0038078,"['Western']",U,8388608,0,0,0,0,0,0,0,0,0,0,0,0,0,0,0,0,0,0,0,0,0,0,0,1
tt0037665,"['Drama','Music','Romance']",N,135232,0,0,0,0,0,0,1,0,0,0,0,0,1,0,0,0,0,1,0,0,0,0,0,0
tt0191007,"['Comedy','Drama']",N,80,0,0,0,0,1,0,1,0,0,0,0,0,0,0,0,0,0,0,0,0,0,0,0,0
tt0038088,"['Comedy','War']",N,4194320,0,0,0,0,1,0,0,0,0,0,0,0,0,0,0,0,0,0,0,0,0,0,1,0
tt0139914,"['Adventure','Drama','Romance','War']",N,4325442,0,1,0,0,0,0,1,0,0,0,0,0,0,0,0,0,0,1,0,0,0,0,1,0
tt0218072,"['Action','Comedy','Drama','Western']",N,8388689,1,0,0,0,1,0,1,0,0,0,0,0,0,0,0,0,0,0,0,0,0,0,0,1
tt0038139,"['Comedy']",U,16,0,0,0,0,1,0,0,0,0,0,0,0,0,0,0,0,0,0,0,0,0,0,0,0
tt0210367,"['Comedy']",U,16,0,0,0,0,1,0,0,0,0,0,0,0,0,0,0,0,0,0,0,0,0,0,0,0
tt0037788,"['Comedy','Musical']",N,8208,0,0,0,0,1,0,0,0,0,0,0,0,0,1,0,0,0,0,0,0,0,0,0,0
tt0038594,"['History','Musical']",N,9216,0,0,0,0,0,0,0,0,0,0,1,0,0,1,0,0,0,0,0,0,0,0,0,0
tt0037686,"['Comedy']",U,16,0,0,0,0,1,0,0,0,0,0,0,0,0,0,0,0,0,0,0,0,0,0,0,0
tt0150610,"['Musical']",N,8192,0,0,0,0,0,0,0,0,0,0,0,0,0,1,0,0,0,0,0,0,0,0,0,0
tt0238428,"['Comedy','Drama']",N,80,0,0,0,0,1,0,1,0,0,0,0,0,0,0,0,0,0,0,0,0,0,0,0,0
tt0218449,"['Drama']",U,64,0,0,0,0,0,0,1,0,0,0,0,0,0,0,0,0,0,0,0,0,0,0,0,0
tt0195122,"['Drama']",U,64,0,0,0,0,0,0,1,0,0,0,0,0,0,0,0,0,0,0,0,0,0,0,0,0
tt0037833,"['Comedy']",U,16,0,0,0,0,1,0,0,0,0,0,0,0,0,0,0,0,0,0,0,0,0,0,0,0
tt0205932,"['Drama']",U,64,0,0,0,0,0,0,1,0,0,0,0,0,0,0,0,0,0,0,0,0,0,0,0,0
tt0194976,"['Drama','Sci-Fi']",N,262208,0,0,0,0,0,0,1,0,0,0,0,0,0,0,0,0,0,0,1,0,0,0,0,0
tt0259604,"['Drama']",U,64,0,0,0,0,0,0,1,0,0,0,0,0,0,0,0,0,0,0,0,0,0,0,0,0
tt0037891,"['Comedy']",U,16,0,0,0,0,1,0,0,0,0,0,0,0,0,0,0,0,0,0,0,0,0,0,0,0
tt0038242,"['Comedy','Musical','Mystery']",N,24592,0,0,0,0,1,0,0,0,0,0,0,0,0,1,1,0,0,0,0,0,0,0,0,0
tt0140026,"['Drama']",U,64,0,0,0,0,0,0,1,0,0,0,0,0,0,0,0,0,0,0,0,0,0,0,0,0
tt0038023,"['Drama']",U,64,0,0,0,0,0,0,1,0,0,0,0,0,0,0,0,0,0,0,0,0,0,0,0,0
tt0037957,"['Comedy']",U,16,0,0,0,0,1,0,0,0,0,0,0,0,0,0,0,0,0,0,0,0,0,0,0,0
tt0181433,"['Drama']",U,64,0,0,0,0,0,0,1,0,0,0,0,0,0,0,0,0,0,0,0,0,0,0,0,0
tt0037898,"['Drama']",U,64,0,0,0,0,0,0,1,0,0,0,0,0,0,0,0,0,0,0,0,0,0,0,0,0
tt0037851,"['Comedy','Family','Romance']",N,131216,0,0,0,0,1,0,0,1,0,0,0,0,0,0,0,0,0,1,0,0,0,0,0,0
tt0124789,"['Crime']",N,32,0,0,0,0,0,1,0,0,0,0,0,0,0,0,0,0,0,0,0,0,0,0,0,0
tt0038128,"['Western']",U,8388608,0,0,0,0,0,0,0,0,0,0,0,0,0,0,0,0,0,0,0,0,0,0,0,1
tt0037516,"['Comedy','Fantasy','Music','Romance']",N,135440,0,0,0,0,1,0,0,0,1,0,0,0,1,0,0,0,0,1,0,0,0,0,0,0
tt0035606,"['Drama','History']",N,1088,0,0,0,0,0,0,1,0,0,0,1,0,0,0,0,0,0,0,0,0,0,0,0,0
tt0252892,"['Drama','Romance']",U,131136,0,0,0,0,0,0,1,0,0,0,0,0,0,0,0,0,0,1,0,0,0,0,0,0
tt0037596,"['Comedy']",U,16,0,0,0,0,1,0,0,0,0,0,0,0,0,0,0,0,0,0,0,0,0,0,0,0
tt0037719,"['Action','Adventure','Western']",N,8388611,1,1,0,0,0,0,0,0,0,0,0,0,0,0,0,0,0,0,0,0,0,0,0,1
tt0037684,"['Drama']",U,64,0,0,0,0,0,0,1,0,0,0,0,0,0,0,0,0,0,0,0,0,0,0,0,0
tt0037548,"['Comedy','Romance']",N,131088,0,0,0,0,1,0,0,0,0,0,0,0,0,0,0,0,0,1,0,0,0,0,0,0
tt0289321,"['Drama']",U,64,0,0,0,0,0,0,1,0,0,0,0,0,0,0,0,0,0,0,0,0,0,0,0,0
tt0037708,"['Musical']",N,8192,0,0,0,0,0,0,0,0,0,0,0,0,0,1,0,0,0,0,0,0,0,0,0,0
tt0196193,"['Comedy']",U,16,0,0,0,0,1,0,0,0,0,0,0,0,0,0,0,0,0,0,0,0,0,0,0,0
tt0038186,"['Western']",U,8388608,0,0,0,0,0,0,0,0,0,0,0,0,0,0,0,0,0,0,0,0,0,0,0,1
tt0036594,"['Crime']",N,32,0,0,0,0,0,1,0,0,0,0,0,0,0,0,0,0,0,0,0,0,0,0,0,0
tt0038086,"['Thriller']",N,2097152,0,0,0,0,0,0,0,0,0,0,0,0,0,0,0,0,0,0,0,0,0,1,0,0
tt5125104,"['Music']",N,4096,0,0,0,0,0,0,0,0,0,0,0,0,1,0,0,0,0,0,0,0,0,0,0,0
tt0217308,"['Drama']",U,64,0,0,0,0,0,0,1,0,0,0,0,0,0,0,0,0,0,0,0,0,0,0,0,0
tt0038041,"['Western']",U,8388608,0,0,0,0,0,0,0,0,0,0,0,0,0,0,0,0,0,0,0,0,0,0,0,1
tt0163278,"['Western']",U,8388608,0,0,0,0,0,0,0,0,0,0,0,0,0,0,0,0,0,0,0,0,0,0,0,1
tt0037545,"['Comedy','Music']",N,4112,0,0,0,0,1,0,0,0,0,0,0,0,1,0,0,0,0,0,0,0,0,0,0,0
tt0208392,"['Drama','Romance','War']",N,4325440,0,0,0,0,0,0,1,0,0,0,0,0,0,0,0,0,0,1,0,0,0,0,1,0
tt0184326,"['Drama','Romance']",U,131136,0,0,0,0,0,0,1,0,0,0,0,0,0,0,0,0,0,1,0,0,0,0,0,0
tt0037937,"['War']",N,4194304,0,0,0,0,0,0,0,0,0,0,0,0,0,0,0,0,0,0,0,0,0,0,1,0
tt0038106,"['Romance','Western']",N,8519680,0,0,0,0,0,0,0,0,0,0,0,0,0,0,0,0,0,1,0,0,0,0,0,1
tt0126345,"['Drama','Family','Music']",N,4288,0,0,0,0,0,0,1,1,0,0,0,0,1,0,0,0,0,0,0,0,0,0,0,0
tt0037789,"['Comedy']",U,16,0,0,0,0,1,0,0,0,0,0,0,0,0,0,0,0,0,0,0,0,0,0,0,0
tt0038085,"['Western']",U,8388608,0,0,0,0,0,0,0,0,0,0,0,0,0,0,0,0,0,0,0,0,0,0,0,1
tt0184893,"['Comedy']",U,16,0,0,0,0,1,0,0,0,0,0,0,0,0,0,0,0,0,0,0,0,0,0,0,0
tt0037810,"['Comedy']",U,16,0,0,0,0,1,0,0,0,0,0,0,0,0,0,0,0,0,0,0,0,0,0,0,0
tt0217250,"['Drama']",U,64,0,0,0,0,0,0,1,0,0,0,0,0,0,0,0,0,0,0,0,0,0,0,0,0
tt0037241,"['Western']",U,8388608,0,0,0,0,0,0,0,0,0,0,0,0,0,0,0,0,0,0,0,0,0,0,0,1
tt0126110,"['Comedy','Crime','Thriller']",N,2097200,0,0,0,0,1,1,0,0,0,0,0,0,0,0,0,0,0,0,0,0,0,1,0,0
tt0266616,"['Drama']",U,64,0,0,0,0,0,0,1,0,0,0,0,0,0,0,0,0,0,0,0,0,0,0,0,0
tt0180265,"['Drama','Romance']",U,131136,0,0,0,0,0,0,1,0,0,0,0,0,0,0,0,0,0,1,0,0,0,0,0,0
tt0194405,"['Drama']",U,64,0,0,0,0,0,0,1,0,0,0,0,0,0,0,0,0,0,0,0,0,0,0,0,0
tt0219580,"['Comedy','Drama']",N,80,0,0,0,0,1,0,1,0,0,0,0,0,0,0,0,0,0,0,0,0,0,0,0,0
tt0038036,"['Western']",U,8388608,0,0,0,0,0,0,0,0,0,0,0,0,0,0,0,0,0,0,0,0,0,0,0,1
tt0037290,"['Drama']",U,64,0,0,0,0,0,0,1,0,0,0,0,0,0,0,0,0,0,0,0,0,0,0,0,0
tt0126555,"['Drama']",U,64,0,0,0,0,0,0,1,0,0,0,0,0,0,0,0,0,0,0,0,0,0,0,0,0
tt0313528,"['Action','Drama','Romance']",N,131137,1,0,0,0,0,0,1,0,0,0,0,0,0,0,0,0,0,1,0,0,0,0,0,0
tt5232584,"['Drama']",U,64,0,0,0,0,0,0,1,0,0,0,0,0,0,0,0,0,0,0,0,0,0,0,0,0
tt1003171,"['Drama']",U,64,0,0,0,0,0,0,1,0,0,0,0,0,0,0,0,0,0,0,0,0,0,0,0,0
tt0038076,"['Comedy','Drama']",N,80,0,0,0,0,1,0,1,0,0,0,0,0,0,0,0,0,0,0,0,0,0,0,0,0
tt0038090,"['Music','Romance','Western']",N,8523776,0,0,0,0,0,0,0,0,0,0,0,0,1,0,0,0,0,1,0,0,0,0,0,1
tt0377622,"['Drama']",U,64,0,0,0,0,0,0,1,0,0,0,0,0,0,0,0,0,0,0,0,0,0,0,0,0
tt0286642,"['Drama','Musical','Romance']",N,139328,0,0,0,0,0,0,1,0,0,0,0,0,0,1,0,0,0,1,0,0,0,0,0,0
tt0037762,"['Comedy']",U,16,0,0,0,0,1,0,0,0,0,0,0,0,0,0,0,0,0,0,0,0,0,0,0,0
tt0036580,"['Comedy','Drama','Fantasy']",N,336,0,0,0,0,1,0,1,0,1,0,0,0,0,0,0,0,0,0,0,0,0,0,0,0
tt0122203,"['Comedy','Music']",N,4112,0,0,0,0,1,0,0,0,0,0,0,0,1,0,0,0,0,0,0,0,0,0,0,0
tt0037580,"['Drama']",U,64,0,0,0,0,0,0,1,0,0,0,0,0,0,0,0,0,0,0,0,0,0,0,0,0
tt0037540,"['Drama']",U,64,0,0,0,0,0,0,1,0,0,0,0,0,0,0,0,0,0,0,0,0,0,0,0,0
tt0123993,"['Musical']",N,8192,0,0,0,0,0,0,0,0,0,0,0,0,0,1,0,0,0,0,0,0,0,0,0,0
tt0219940,"['Crime','Drama','Mystery']",N,16480,0,0,0,0,0,1,1,0,0,0,0,0,0,0,1,0,0,0,0,0,0,0,0,0
tt0218171,"['Comedy','Fantasy']",N,272,0,0,0,0,1,0,0,0,1,0,0,0,0,0,0,0,0,0,0,0,0,0,0,0
tt0037589,"['Drama']",U,64,0,0,0,0,0,0,1,0,0,0,0,0,0,0,0,0,0,0,0,0,0,0,0,0
tt0037882,"['Western']",U,8388608,0,0,0,0,0,0,0,0,0,0,0,0,0,0,0,0,0,0,0,0,0,0,0,1
tt0038860,"['Drama','Romance','War']",N,4325440,0,0,0,0,0,0,1,0,0,0,0,0,0,0,0,0,0,1,0,0,0,0,1,0
tt0038168,"['Western']",U,8388608,0,0,0,0,0,0,0,0,0,0,0,0,0,0,0,0,0,0,0,0,0,0,0,1
tt0136734,"['Fantasy']",N,256,0,0,0,0,0,0,0,0,1,0,0,0,0,0,0,0,0,0,0,0,0,0,0,0
tt0218686,"['Comedy','Musical']",N,8208,0,0,0,0,1,0,0,0,0,0,0,0,0,1,0,0,0,0,0,0,0,0,0,0
tt0184887,"['Comedy']",U,16,0,0,0,0,1,0,0,0,0,0,0,0,0,0,0,0,0,0,0,0,0,0,0,0
tt1916757,"['Drama']",U,64,0,0,0,0,0,0,1,0,0,0,0,0,0,0,0,0,0,0,0,0,0,0,0,0
tt0035719,"['Mystery']",N,16384,0,0,0,0,0,0,0,0,0,0,0,0,0,0,1,0,0,0,0,0,0,0,0,0
tt0039051,"['Drama']",U,64,0,0,0,0,0,0,1,0,0,0,0,0,0,0,0,0,0,0,0,0,0,0,0,0
tt0037693,"['Drama','Film-Noir','Mystery','Thriller']",N,2114112,0,0,0,0,0,0,1,0,0,1,0,0,0,0,1,0,0,0,0,0,0,1,0,0
tt0181285,"['Drama']",U,64,0,0,0,0,0,0,1,0,0,0,0,0,0,0,0,0,0,0,0,0,0,0,0,0
tt0038138,"['Drama']",U,64,0,0,0,0,0,0,1,0,0,0,0,0,0,0,0,0,0,0,0,0,0,0,0,0
tt0038105,"['Comedy']",U,16,0,0,0,0,1,0,0,0,0,0,0,0,0,0,0,0,0,0,0,0,0,0,0,0
tt0037544,"['Drama']",U,64,0,0,0,0,0,0,1,0,0,0,0,0,0,0,0,0,0,0,0,0,0,0,0,0
tt0038015,"['Comedy']",U,16,0,0,0,0,1,0,0,0,0,0,0,0,0,0,0,0,0,0,0,0,0,0,0,0
tt0037817,"['Comedy']",U,16,0,0,0,0,1,0,0,0,0,0,0,0,0,0,0,0,0,0,0,0,0,0,0,0
tt0257652,"['History','War']",N,4195328,0,0,0,0,0,0,0,0,0,0,1,0,0,0,0,0,0,0,0,0,0,0,1,0
tt0038189,"['Drama']",U,64,0,0,0,0,0,0,1,0,0,0,0,0,0,0,0,0,0,0,0,0,0,0,0,0
tt0037133,"['Comedy']",U,16,0,0,0,0,1,0,0,0,0,0,0,0,0,0,0,0,0,0,0,0,0,0,0,0
tt0180619,"['Comedy']",U,16,0,0,0,0,1,0,0,0,0,0,0,0,0,0,0,0,0,0,0,0,0,0,0,0
tt0169149,"['Comedy','Romance']",N,131088,0,0,0,0,1,0,0,0,0,0,0,0,0,0,0,0,0,1,0,0,0,0,0,0
tt0037555,"['Comedy']",U,16,0,0,0,0,1,0,0,0,0,0,0,0,0,0,0,0,0,0,0,0,0,0,0,0
tt0037532,"['Crime','Drama','Romance']",N,131168,0,0,0,0,0,1,1,0,0,0,0,0,0,0,0,0,0,1,0,0,0,0,0,0
tt0217801,"['Drama']",U,64,0,0,0,0,0,0,1,0,0,0,0,0,0,0,0,0,0,0,0,0,0,0,0,0
tt0037897,"['Drama','Romance']",U,131136,0,0,0,0,0,0,1,0,0,0,0,0,0,0,0,0,0,1,0,0,0,0,0,0
tt0037835,"['Adventure','Biography','Drama']",N,74,0,1,0,1,0,0,1,0,0,0,0,0,0,0,0,0,0,0,0,0,0,0,0,0
tt0121724,"['Drama']",U,64,0,0,0,0,0,0,1,0,0,0,0,0,0,0,0,0,0,0,0,0,0,0,0,0
tt0037821,"['Comedy','Music']",N,4112,0,0,0,0,1,0,0,0,0,0,0,0,1,0,0,0,0,0,0,0,0,0,0,0
tt0139676,"['Comedy']",U,16,0,0,0,0,1,0,0,0,0,0,0,0,0,0,0,0,0,0,0,0,0,0,0,0
tt0182470,"['Comedy']",U,16,0,0,0,0,1,0,0,0,0,0,0,0,0,0,0,0,0,0,0,0,0,0,0,0
tt0035901,"['Drama']",U,64,0,0,0,0,0,0,1,0,0,0,0,0,0,0,0,0,0,0,0,0,0,0,0,0
tt0176107,"['Drama','History']",N,1088,0,0,0,0,0,0,1,0,0,0,1,0,0,0,0,0,0,0,0,0,0,0,0,0
tt0037896,"['Comedy']",U,16,0,0,0,0,1,0,0,0,0,0,0,0,0,0,0,0,0,0,0,0,0,0,0,0
tt0305740,"['Adventure','Drama']",N,66,0,1,0,0,0,0,1,0,0,0,0,0,0,0,0,0,0,0,0,0,0,0,0,0
tt0038112,"['Comedy']",U,16,0,0,0,0,1,0,0,0,0,0,0,0,0,0,0,0,0,0,0,0,0,0,0,0
tt0219910,"['Comedy','Drama','Romance']",N,131152,0,0,0,0,1,0,1,0,0,0,0,0,0,0,0,0,0,1,0,0,0,0,0,0
tt9476704,"['Action']",N,1,1,0,0,0,0,0,0,0,0,0,0,0,0,0,0,0,0,0,0,0,0,0,0,0
tt0287067,"['Drama']",U,64,0,0,0,0,0,0,1,0,0,0,0,0,0,0,0,0,0,0,0,0,0,0,0,0
tt0038137,"['Drama']",U,64,0,0,0,0,0,0,1,0,0,0,0,0,0,0,0,0,0,0,0,0,0,0,0,0
tt0037488,"['Comedy']",U,16,0,0,0,0,1,0,0,0,0,0,0,0,0,0,0,0,0,0,0,0,0,0,0,0
tt0235656,"['Drama']",U,64,0,0,0,0,0,0,1,0,0,0,0,0,0,0,0,0,0,0,0,0,0,0,0,0
tt0037852,"['Crime','Drama','Thriller']",N,2097248,0,0,0,0,0,1,1,0,0,0,0,0,0,0,0,0,0,0,0,0,0,1,0,0
tt0037876,"['Romance']",N,131072,0,0,0,0,0,0,0,0,0,0,0,0,0,0,0,0,0,1,0,0,0,0,0,0
tt0037486,"['Comedy']",U,16,0,0,0,0,1,0,0,0,0,0,0,0,0,0,0,0,0,0,0,0,0,0,0,0
tt0037726,"['Drama']",U,64,0,0,0,0,0,0,1,0,0,0,0,0,0,0,0,0,0,0,0,0,0,0,0,0
tt0135517,"['Comedy','Musical']",N,8208,0,0,0,0,1,0,0,0,0,0,0,0,0,1,0,0,0,0,0,0,0,0,0,0
tt0036963,"['Drama','War']",U,4194368,0,0,0,0,0,0,1,0,0,0,0,0,0,0,0,0,0,0,0,0,0,0,1,0
tt0038274,"['Comedy']",U,16,0,0,0,0,1,0,0,0,0,0,0,0,0,0,0,0,0,0,0,0,0,0,0,0
tt0219598,"['Drama','Musical']",N,8256,0,0,0,0,0,0,1,0,0,0,0,0,0,1,0,0,0,0,0,0,0,0,0,0
tt0266507,"['Comedy','Drama','Music','Romance']",N,135248,0,0,0,0,1,0,1,0,0,0,0,0,1,0,0,0,0,1,0,0,0,0,0,0
tt9476692,"['Drama']",U,64,0,0,0,0,0,0,1,0,0,0,0,0,0,0,0,0,0,0,0,0,0,0,0,0
tt1286501,"['Drama']",U,64,0,0,0,0,0,0,1,0,0,0,0,0,0,0,0,0,0,0,0,0,0,0,0,0
tt0038269,"['Adventure','Drama']",N,66,0,1,0,0,0,0,1,0,0,0,0,0,0,0,0,0,0,0,0,0,0,0,0,0
tt0220012,"['Drama']",U,64,0,0,0,0,0,0,1,0,0,0,0,0,0,0,0,0,0,0,0,0,0,0,0,0
tt0038035,"['Drama','Romance']",U,131136,0,0,0,0,0,0,1,0,0,0,0,0,0,0,0,0,0,1,0,0,0,0,0,0
tt0258477,"['Comedy','Musical']",N,8208,0,0,0,0,1,0,0,0,0,0,0,0,0,1,0,0,0,0,0,0,0,0,0,0
tt0037947,"['Drama','Thriller']",N,2097216,0,0,0,0,0,0,1,0,0,0,0,0,0,0,0,0,0,0,0,0,0,1,0,0
tt0038095,"['Drama','History','War']",N,4195392,0,0,0,0,0,0,1,0,0,0,1,0,0,0,0,0,0,0,0,0,0,0,1,0
tt0140372,"['Comedy','Drama']",N,80,0,0,0,0,1,0,1,0,0,0,0,0,0,0,0,0,0,0,0,0,0,0,0,0
tt0218022,"['Comedy','Drama']",N,80,0,0,0,0,1,0,1,0,0,0,0,0,0,0,0,0,0,0,0,0,0,0,0,0
tt0236847,"['Drama','Romance']",U,131136,0,0,0,0,0,0,1,0,0,0,0,0,0,0,0,0,0,1,0,0,0,0,0,0
tt0038140,"['Drama','Romance']",U,131136,0,0,0,0,0,0,1,0,0,0,0,0,0,0,0,0,0,1,0,0,0,0,0,0
tt0140405,"['Crime','Drama','Thriller']",N,2097248,0,0,0,0,0,1,1,0,0,0,0,0,0,0,0,0,0,0,0,0,0,1,0,0
tt0284198,"['Drama','Romance']",U,131136,0,0,0,0,0,0,1,0,0,0,0,0,0,0,0,0,0,1,0,0,0,0,0,0
tt0037583,"['Drama']",U,64,0,0,0,0,0,0,1,0,0,0,0,0,0,0,0,0,0,0,0,0,0,0,0,0
tt0037521,"['Crime','Drama']",N,96,0,0,0,0,0,1,1,0,0,0,0,0,0,0,0,0,0,0,0,0,0,0,0,0
tt0037499,"['Family']",N,128,0,0,0,0,0,0,0,1,0,0,0,0,0,0,0,0,0,0,0,0,0,0,0,0
tt0037490,"['Comedy']",U,16,0,0,0,0,1,0,0,0,0,0,0,0,0,0,0,0,0,0,0,0,0,0,0,0
tt0037962,"['Comedy','Crime']",N,48,0,0,0,0,1,1,0,0,0,0,0,0,0,0,0,0,0,0,0,0,0,0,0,0
tt0137940,"['Comedy','Crime']",N,48,0,0,0,0,1,1,0,0,0,0,0,0,0,0,0,0,0,0,0,0,0,0,0,0
tt0138809,"['Drama']",U,64,0,0,0,0,0,0,1,0,0,0,0,0,0,0,0,0,0,0,0,0,0,0,0,0
tt0181525,"['Drama']",U,64,0,0,0,0,0,0,1,0,0,0,0,0,0,0,0,0,0,0,0,0,0,0,0,0
tt0037914,"['Crime','Drama','War']",N,4194400,0,0,0,0,0,1,1,0,0,0,0,0,0,0,0,0,0,0,0,0,0,0,1,0
tt0175947,"['War']",N,4194304,0,0,0,0,0,0,0,0,0,0,0,0,0,0,0,0,0,0,0,0,0,0,1,0
tt0038231,"['Comedy']",U,16,0,0,0,0,1,0,0,0,0,0,0,0,0,0,0,0,0,0,0,0,0,0,0,0
tt0188860,"['Comedy','Musical']",N,8208,0,0,0,0,1,0,0,0,0,0,0,0,0,1,0,0,0,0,0,0,0,0,0,0
tt0038092,"['Comedy']",U,16,0,0,0,0,1,0,0,0,0,0,0,0,0,0,0,0,0,0,0,0,0,0,0,0
tt0037626,"['Drama','Romance']",U,131136,0,0,0,0,0,0,1,0,0,0,0,0,0,0,0,0,0,1,0,0,0,0,0,0
tt0038543,"['Comedy','Drama','Musical','Romance']",N,139344,0,0,0,0,1,0,1,0,0,0,0,0,0,1,0,0,0,1,0,0,0,0,0,0
tt0219979,"['Drama']",U,64,0,0,0,0,0,0,1,0,0,0,0,0,0,0,0,0,0,0,0,0,0,0,0,0
tt0038188,"['Comedy']",U,16,0,0,0,0,1,0,0,0,0,0,0,0,0,0,0,0,0,0,0,0,0,0,0,0
tt0200572,"['Drama']",U,64,0,0,0,0,0,0,1,0,0,0,0,0,0,0,0,0,0,0,0,0,0,0,0,0
tt0246139,"['Drama']",U,64,0,0,0,0,0,0,1,0,0,0,0,0,0,0,0,0,0,0,0,0,0,0,0,0
tt0178875,"['Comedy']",U,16,0,0,0,0,1,0,0,0,0,0,0,0,0,0,0,0,0,0,0,0,0,0,0,0
tt0143021,"['Comedy']",U,16,0,0,0,0,1,0,0,0,0,0,0,0,0,0,0,0,0,0,0,0,0,0,0,0
tt0194689,"['Comedy','Musical']",N,8208,0,0,0,0,1,0,0,0,0,0,0,0,0,1,0,0,0,0,0,0,0,0,0,0
tt0175437,"['Biography','Drama']",N,72,0,0,0,1,0,0,1,0,0,0,0,0,0,0,0,0,0,0,0,0,0,0,0,0
tt0242799,"['Drama']",U,64,0,0,0,0,0,0,1,0,0,0,0,0,0,0,0,0,0,0,0,0,0,0,0,0
tt0038363,"['Comedy','Fantasy']",O,272,0,0,0,0,1,0,0,0,1,0,0,0,0,0,0,0,0,0,0,0,0,0,0,0
tt0036756,"['Comedy','Fantasy']",O,272,0,0,0,0,1,0,0,0,1,0,0,0,0,0,0,0,0,0,0,0,0,0,0,0
tt0218171,"['Comedy','Fantasy']",O,272,0,0,0,0,1,0,0,0,1,0,0,0,0,0,0,0,0,0,0,0,0,0,0,0
tt0037913,"['Crime','Drama','Film-Noir','Mystery','Romance']",O,148064,0,0,0,0,0,1,1,0,0,1,0,0,0,0,1,0,0,1,0,0,0,0,0,0
tt0038030,"['Crime','Drama','Film-Noir','Mystery','Romance']",O,148064,0,0,0,0,0,1,1,0,0,1,0,0,0,0,1,0,0,1,0,0,0,0,0,0
tt0037913,"['Crime','Drama','Film-Noir','Mystery','Romance']",O,148064,0,0,0,0,0,1,1,0,0,1,0,0,0,0,1,0,0,1,0,0,0,0,0,0
tt0038030,"['Crime','Drama','Film-Noir','Mystery','Romance']",O,148064,0,0,0,0,0,1,1,0,0,1,0,0,0,0,1,0,0,1,0,0,0,0,0,0
tt0038109,"['Film-Noir','Mystery','Romance','Thriller']",O,2245120,0,0,0,0,0,0,0,0,0,1,0,0,0,0,1,0,0,1,0,0,0,1,0,0
tt0038109,"['Film-Noir','Mystery','Romance','Thriller']",O,2245120,0,0,0,0,0,0,0,0,0,1,0,0,0,0,1,0,0,1,0,0,0,1,0,0
tt0038109,"['Film-Noir','Mystery','Romance','Thriller']",O,2245120,0,0,0,0,0,0,0,0,0,1,0,0,0,0,1,0,0,1,0,0,0,1,0,0
tt0038109,"['Film-Noir','Mystery','Romance','Thriller']",O,2245120,0,0,0,0,0,0,0,0,0,1,0,0,0,0,1,0,0,1,0,0,0,1,0,0
tt0038109,"['Film-Noir','Mystery','Romance','Thriller']",O,2245120,0,0,0,0,0,0,0,0,0,1,0,0,0,0,1,0,0,1,0,0,0,1,0,0
tt0038048,"['Adventure','Drama','Romance','Western']",O,8519746,0,1,0,0,0,0,1,0,0,0,0,0,0,0,0,0,0,1,0,0,0,0,0,1
tt0038048,"['Adventure','Drama','Romance','Western']",O,8519746,0,1,0,0,0,0,1,0,0,0,0,0,0,0,0,0,0,1,0,0,0,0,0,1
tt0038048,"['Adventure','Drama','Romance','Western']",O,8519746,0,1,0,0,0,0,1,0,0,0,0,0,0,0,0,0,0,1,0,0,0,0,0,1
tt0038048,"['Adventure','Drama','Romance','Western']",O,8519746,0,1,0,0,0,0,1,0,0,0,0,0,0,0,0,0,0,1,0,0,0,0,0,1
tt0038048,"['Adventure','Drama','Romance','Western']",O,8519746,0,1,0,0,0,0,1,0,0,0,0,0,0,0,0,0,0,1,0,0,0,0,0,1
tt0037884,"['Drama','Film-Noir']",O,576,0,0,0,0,0,0,1,0,0,1,0,0,0,0,0,0,0,0,0,0,0,0,0,0
tt0038230,"['Drama','Film-Noir']",O,576,0,0,0,0,0,0,1,0,0,1,0,0,0,0,0,0,0,0,0,0,0,0,0,0
tt0037884,"['Drama','Film-Noir']",O,576,0,0,0,0,0,0,1,0,0,1,0,0,0,0,0,0,0,0,0,0,0,0,0,0
tt0038230,"['Drama','Film-Noir']",O,576,0,0,0,0,0,0,1,0,0,1,0,0,0,0,0,0,0,0,0,0,0,0,0,0
tt0037988,"['Drama','Fantasy','Horror','Mystery','Romance','Thriller']",O,2246976,0,0,0,0,0,0,1,0,1,0,0,1,0,0,1,0,0,1,0,0,0,1,0,0
tt0037988,"['Drama','Fantasy','Horror','Mystery','Romance','Thriller']",O,2246976,0,0,0,0,0,0,1,0,1,0,0,1,0,0,1,0,0,1,0,0,0,1,0,0
tt0037988,"['Drama','Fantasy','Horror','Mystery','Romance','Thriller']",O,2246976,0,0,0,0,0,0,1,0,1,0,0,1,0,0,1,0,0,1,0,0,0,1,0,0
tt0037988,"['Drama','Fantasy','Horror','Mystery','Romance','Thriller']",O,2246976,0,0,0,0,0,0,1,0,1,0,0,1,0,0,1,0,0,1,0,0,0,1,0,0
tt0037988,"['Drama','Fantasy','Horror','Mystery','Romance','Thriller']",O,2246976,0,0,0,0,0,0,1,0,1,0,0,1,0,0,1,0,0,1,0,0,0,1,0,0
tt0037638,"['Crime','Drama','Film-Noir']",O,608,0,0,0,0,0,1,1,0,0,1,0,0,0,0,0,0,0,0,0,0,0,0,0,0
tt0037515,"['Crime','Drama','Mystery','Thriller']",O,2113632,0,0,0,0,0,1,1,0,0,0,0,0,0,0,1,0,0,0,0,0,0,1,0,0
tt0037515,"['Crime','Drama','Mystery','Thriller']",O,2113632,0,0,0,0,0,1,1,0,0,0,0,0,0,0,1,0,0,0,0,0,0,1,0,0
tt0037515,"['Crime','Drama','Mystery','Thriller']",O,2113632,0,0,0,0,0,1,1,0,0,0,0,0,0,0,1,0,0,0,0,0,0,1,0,0
tt0037515,"['Crime','Drama','Mystery','Thriller']",O,2113632,0,0,0,0,0,1,1,0,0,0,0,0,0,0,1,0,0,0,0,0,0,1,0,0
tt0037515,"['Crime','Drama','Mystery','Thriller']",O,2113632,0,0,0,0,0,1,1,0,0,0,0,0,0,0,1,0,0,0,0,0,0,1,0,0
tt0038390,"['Biography','Comedy','Drama','History','Romance','War']",O,4326488,0,0,0,1,1,0,1,0,0,0,1,0,0,0,0,0,0,1,0,0,0,0,1,0
tt0038390,"['Biography','Comedy','Drama','History','Romance','War']",O,4326488,0,0,0,1,1,0,1,0,0,0,1,0,0,0,0,0,0,1,0,0,0,0,1,0
tt0038390,"['Biography','Comedy','Drama','History','Romance','War']",O,4326488,0,0,0,1,1,0,1,0,0,0,1,0,0,0,0,0,0,1,0,0,0,0,1,0
tt0038390,"['Biography','Comedy','Drama','History','Romance','War']",O,4326488,0,0,0,1,1,0,1,0,0,0,1,0,0,0,0,0,0,1,0,0,0,0,1,0
tt0038390,"['Biography','Comedy','Drama','History','Romance','War']",O,4326488,0,0,0,1,1,0,1,0,0,0,1,0,0,0,0,0,0,1,0,0,0,0,1,0
tt0037865,"['Drama','Film-Noir','Romance','Thriller']",O,2228800,0,0,0,0,0,0,1,0,0,1,0,0,0,0,0,0,0,1,0,0,0,1,0,0
tt0037865,"['Drama','Film-Noir','Romance','Thriller']",O,2228800,0,0,0,0,0,0,1,0,0,1,0,0,0,0,0,0,0,1,0,0,0,1,0,0
tt0037865,"['Drama','Film-Noir','Romance','Thriller']",O,2228800,0,0,0,0,0,0,1,0,0,1,0,0,0,0,0,0,0,1,0,0,0,1,0,0
tt0037865,"['Drama','Film-Noir','Romance','Thriller']",O,2228800,0,0,0,0,0,0,1,0,0,1,0,0,0,0,0,0,0,1,0,0,0,1,0,0
tt0037865,"['Drama','Film-Noir','Romance','Thriller']",O,2228800,0,0,0,0,0,0,1,0,0,1,0,0,0,0,0,0,0,1,0,0,0,1,0,0
tt0037635,"['Drama','Horror']",O,2112,0,0,0,0,0,0,1,0,0,0,0,1,0,0,0,0,0,0,0,0,0,0,0,0
tt0037635,"['Drama','Horror']",O,2112,0,0,0,0,0,0,1,0,0,0,0,1,0,0,0,0,0,0,0,0,0,0,0,0
tt0037635,"['Drama','Horror']",O,2112,0,0,0,0,0,0,1,0,0,0,0,1,0,0,0,0,0,0,0,0,0,0,0,0
tt0037635,"['Drama','Horror']",O,2112,0,0,0,0,0,0,1,0,0,0,0,1,0,0,0,0,0,0,0,0,0,0,0,0
tt0037635,"['Drama','Horror']",O,2112,0,0,0,0,0,0,1,0,0,0,0,1,0,0,0,0,0,0,0,0,0,0,0,0
tt0038057,"['Drama','Film-Noir','Thriller']",O,2097728,0,0,0,0,0,0,1,0,0,1,0,0,0,0,0,0,0,0,0,0,0,1,0,0
tt0037615,"['Drama','Film-Noir','Thriller']",O,2097728,0,0,0,0,0,0,1,0,0,1,0,0,0,0,0,0,0,0,0,0,0,1,0,0
tt0037046,"['Drama','Film-Noir','Thriller']",O,2097728,0,0,0,0,0,0,1,0,0,1,0,0,0,0,0,0,0,0,0,0,0,1,0,0
tt0038890,"['Drama','Thriller','War']",O,6291520,0,0,0,0,0,0,1,0,0,0,0,0,0,0,0,0,0,0,0,0,0,1,1,0
tt0037677,"['Drama','Thriller','War']",O,6291520,0,0,0,0,0,0,1,0,0,0,0,0,0,0,0,0,0,0,0,0,0,1,1,0
tt0038890,"['Drama','Thriller','War']",O,6291520,0,0,0,0,0,0,1,0,0,0,0,0,0,0,0,0,0,0,0,0,0,1,1,0
tt0037677,"['Drama','Thriller','War']",O,6291520,0,0,0,0,0,0,1,0,0,0,0,0,0,0,0,0,0,0,0,0,0,1,1,0
tt0037671,"['Drama','Fantasy','Romance']",O,131392,0,0,0,0,0,0,1,0,1,0,0,0,0,0,0,0,0,1,0,0,0,0,0,0
tt0037671,"['Drama','Fantasy','Romance']",O,131392,0,0,0,0,0,0,1,0,1,0,0,0,0,0,0,0,0,1,0,0,0,0,0,0
tt0037671,"['Drama','Fantasy','Romance']",O,131392,0,0,0,0,0,0,1,0,1,0,0,0,0,0,0,0,0,1,0,0,0,0,0,0
tt0037671,"['Drama','Fantasy','Romance']",O,131392,0,0,0,0,0,0,1,0,1,0,0,0,0,0,0,0,0,1,0,0,0,0,0,0
tt0037671,"['Drama','Fantasy','Romance']",O,131392,0,0,0,0,0,0,1,0,1,0,0,0,0,0,0,0,0,1,0,0,0,0,0,0
tt0037795,"['Crime','Drama','Film-Noir','Mystery','Thriller','War']",O,6308448,0,0,0,0,0,1,1,0,0,1,0,0,0,0,1,0,0,0,0,0,0,1,1,0
tt0037795,"['Crime','Drama','Film-Noir','Mystery','Thriller','War']",O,6308448,0,0,0,0,0,1,1,0,0,1,0,0,0,0,1,0,0,0,0,0,0,1,1,0
tt0037795,"['Crime','Drama','Film-Noir','Mystery','Thriller','War']",O,6308448,0,0,0,0,0,1,1,0,0,1,0,0,0,0,1,0,0,0,0,0,0,1,1,0
tt0037795,"['Crime','Drama','Film-Noir','Mystery','Thriller','War']",O,6308448,0,0,0,0,0,1,1,0,0,1,0,0,0,0,1,0,0,0,0,0,0,1,1,0
tt0037795,"['Crime','Drama','Film-Noir','Mystery','Thriller','War']",O,6308448,0,0,0,0,0,1,1,0,0,1,0,0,0,0,1,0,0,0,0,0,0,1,1,0
tt0037514,"['Comedy','Fantasy','Music','Musical','Romance','War']",O,4337936,0,0,0,0,1,0,0,0,1,0,0,0,1,1,0,0,0,1,0,0,0,0,1,0
tt0037514,"['Comedy','Fantasy','Music','Musical','Romance','War']",O,4337936,0,0,0,0,1,0,0,0,1,0,0,0,1,1,0,0,0,1,0,0,0,0,1,0
tt0037514,"['Comedy','Fantasy','Music','Musical','Romance','War']",O,4337936,0,0,0,0,1,0,0,0,1,0,0,0,1,1,0,0,0,1,0,0,0,0,1,0
tt0037514,"['Comedy','Fantasy','Music','Musical','Romance','War']",O,4337936,0,0,0,0,1,0,0,0,1,0,0,0,1,1,0,0,0,1,0,0,0,0,1,0
tt0037514,"['Comedy','Fantasy','Music','Musical','Romance','War']",O,4337936,0,0,0,0,1,0,0,0,1,0,0,0,1,1,0,0,0,1,0,0,0,0,1,0
tt0037820,"['Drama','Horror','Mystery','Thriller']",O,2115648,0,0,0,0,0,0,1,0,0,0,0,1,0,0,1,0,0,0,0,0,0,1,0,0
tt0037820,"['Drama','Horror','Mystery','Thriller']",O,2115648,0,0,0,0,0,0,1,0,0,0,0,1,0,0,1,0,0,0,0,0,0,1,0,0
tt0037820,"['Drama','Horror','Mystery','Thriller']",O,2115648,0,0,0,0,0,0,1,0,0,0,0,1,0,0,1,0,0,0,0,0,0,1,0,0
tt0037820,"['Drama','Horror','Mystery','Thriller']",O,2115648,0,0,0,0,0,0,1,0,0,0,0,1,0,0,1,0,0,0,0,0,0,1,0,0
tt0037820,"['Drama','Horror','Mystery','Thriller']",O,2115648,0,0,0,0,0,0,1,0,0,0,0,1,0,0,1,0,0,0,0,0,0,1,0,0
tt0038116,"['Comedy','Drama','Musical','Romance']",O,139344,0,0,0,0,1,0,1,0,0,0,0,0,0,1,0,0,0,1,0,0,0,0,0,0
tt0038239,"['Comedy','Drama','Musical','Romance']",O,139344,0,0,0,0,1,0,1,0,0,0,0,0,0,1,0,0,0,1,0,0,0,0,0,0
tt0038543,"['Comedy','Drama','Musical','Romance']",O,139344,0,0,0,0,1,0,1,0,0,0,0,0,0,1,0,0,0,1,0,0,0,0,0,0
tt0037549,"['Horror','Thriller']",O,2099200,0,0,0,0,0,0,0,0,0,0,0,1,0,0,0,0,0,0,0,0,0,1,0,0
tt0037549,"['Horror','Thriller']",O,2099200,0,0,0,0,0,0,0,0,0,0,0,1,0,0,0,0,0,0,0,0,0,1,0,0
tt0037549,"['Horror','Thriller']",O,2099200,0,0,0,0,0,0,0,0,0,0,0,1,0,0,0,0,0,0,0,0,0,1,0,0
tt0037549,"['Horror','Thriller']",O,2099200,0,0,0,0,0,0,0,0,0,0,0,1,0,0,0,0,0,0,0,0,0,1,0,0
tt0037549,"['Horror','Thriller']",O,2099200,0,0,0,0,0,0,0,0,0,0,0,1,0,0,0,0,0,0,0,0,0,1,0,0
tt0037691,"['Crime','Film-Noir','Mystery','Romance']",O,148000,0,0,0,0,0,1,0,0,0,1,0,0,0,0,1,0,0,1,0,0,0,0,0,0
tt0037691,"['Crime','Film-Noir','Mystery','Romance']",O,148000,0,0,0,0,0,1,0,0,0,1,0,0,0,0,1,0,0,1,0,0,0,0,0,0
tt0037691,"['Crime','Film-Noir','Mystery','Romance']",O,148000,0,0,0,0,0,1,0,0,0,1,0,0,0,0,1,0,0,1,0,0,0,0,0,0
tt0037691,"['Crime','Film-Noir','Mystery','Romance']",O,148000,0,0,0,0,0,1,0,0,0,1,0,0,0,0,1,0,0,1,0,0,0,0,0,0
tt0037691,"['Crime','Film-Noir','Mystery','Romance']",O,148000,0,0,0,0,0,1,0,0,0,1,0,0,0,0,1,0,0,1,0,0,0,0,0,0
tt0038259,"['Drama','Mystery']",O,16448,0,0,0,0,0,0,1,0,0,0,0,0,0,0,1,0,0,0,0,0,0,0,0,0
tt0037035,"['Drama','Mystery']",O,16448,0,0,0,0,0,0,1,0,0,0,0,0,0,0,1,0,0,0,0,0,0,0,0,0
tt0037605,"['Drama','Mystery']",O,16448,0,0,0,0,0,0,1,0,0,0,0,0,0,0,1,0,0,0,0,0,0,0,0,0
tt0037954,"['Action','Adventure','Drama','War']",O,4194371,1,1,0,0,0,0,1,0,0,0,0,0,0,0,0,0,0,0,0,0,0,0,1,0
tt0038001,"['Action','Adventure','Drama','War']",O,4194371,1,1,0,0,0,0,1,0,0,0,0,0,0,0,0,0,0,0,0,0,0,0,1,0
tt0037954,"['Action','Adventure','Drama','War']",O,4194371,1,1,0,0,0,0,1,0,0,0,0,0,0,0,0,0,0,0,0,0,0,0,1,0
tt0038001,"['Action','Adventure','Drama','War']",O,4194371,1,1,0,0,0,0,1,0,0,0,0,0,0,0,0,0,0,0,0,0,0,0,1,0
tt0038053,"['Drama','Romance','Western']",O,8519744,0,0,0,0,0,0,1,0,0,0,0,0,0,0,0,0,0,1,0,0,0,0,0,1
tt0038053,"['Drama','Romance','Western']",O,8519744,0,0,0,0,0,0,1,0,0,0,0,0,0,0,0,0,0,1,0,0,0,0,0,1
tt0038053,"['Drama','Romance','Western']",O,8519744,0,0,0,0,0,0,1,0,0,0,0,0,0,0,0,0,0,1,0,0,0,0,0,1
tt0038053,"['Drama','Romance','Western']",O,8519744,0,0,0,0,0,0,1,0,0,0,0,0,0,0,0,0,0,1,0,0,0,0,0,1
tt0038053,"['Drama','Romance','Western']",O,8519744,0,0,0,0,0,0,1,0,0,0,0,0,0,0,0,0,0,1,0,0,0,0,0,1
tt0037576,"['Adventure','Biography','Drama','History']",O,1098,0,1,0,1,0,0,1,0,0,0,1,0,0,0,0,0,0,0,0,0,0,0,0,0
tt0037576,"['Adventure','Biography','Drama','History']",O,1098,0,1,0,1,0,0,1,0,0,0,1,0,0,0,0,0,0,0,0,0,0,0,0,0
tt0037576,"['Adventure','Biography','Drama','History']",O,1098,0,1,0,1,0,0,1,0,0,0,1,0,0,0,0,0,0,0,0,0,0,0,0,0
tt0037576,"['Adventure','Biography','Drama','History']",O,1098,0,1,0,1,0,0,1,0,0,0,1,0,0,0,0,0,0,0,0,0,0,0,0,0
tt0037576,"['Adventure','Biography','Drama','History']",O,1098,0,1,0,1,0,0,1,0,0,0,1,0,0,0,0,0,0,0,0,0,0,0,0,0
tt0037794,"['Crime','Film-Noir','Mystery','Thriller']",O,2114080,0,0,0,0,0,1,0,0,0,1,0,0,0,0,1,0,0,0,0,0,0,1,0,0
tt0037794,"['Crime','Film-Noir','Mystery','Thriller']",O,2114080,0,0,0,0,0,1,0,0,0,1,0,0,0,0,1,0,0,0,0,0,0,1,0,0
tt0037794,"['Crime','Film-Noir','Mystery','Thriller']",O,2114080,0,0,0,0,0,1,0,0,0,1,0,0,0,0,1,0,0,0,0,0,0,1,0,0
tt0037794,"['Crime','Film-Noir','Mystery','Thriller']",O,2114080,0,0,0,0,0,1,0,0,0,1,0,0,0,0,1,0,0,0,0,0,0,1,0,0
tt0037794,"['Crime','Film-Noir','Mystery','Thriller']",O,2114080,0,0,0,0,0,1,0,0,0,1,0,0,0,0,1,0,0,0,0,0,0,1,0,0
tt0038250,"['Adventure','Drama']",O,66,0,1,0,0,0,0,1,0,0,0,0,0,0,0,0,0,0,0,0,0,0,0,0,0
tt0038151,"['Action','Adventure']",O,3,1,1,0,0,0,0,0,0,0,0,0,0,0,0,0,0,0,0,0,0,0,0,0,0
tt0038062,"['Action','Adventure']",O,3,1,1,0,0,0,0,0,0,0,0,0,0,0,0,0,0,0,0,0,0,0,0,0,0
tt0038723,"['Action','Adventure']",O,3,1,1,0,0,0,0,0,0,0,0,0,0,0,0,0,0,0,0,0,0,0,0,0,0
tt0038026,"['Biography','Drama','Musical','Romance']",O,139336,0,0,0,1,0,0,1,0,0,0,0,0,0,1,0,0,0,1,0,0,0,0,0,0
tt0037651,"['Biography','Drama','Musical','Romance']",O,139336,0,0,0,1,0,0,1,0,0,0,0,0,0,1,0,0,0,1,0,0,0,0,0,0
tt0037816,"['Biography','Drama','Musical','Romance']",O,139336,0,0,0,1,0,0,1,0,0,0,0,0,0,1,0,0,0,1,0,0,0,0,0,0
tt0037611,"['Drama','Film-Noir','Mystery','Thriller']",O,2114112,0,0,0,0,0,0,1,0,0,1,0,0,0,0,1,0,0,0,0,0,0,1,0,0
tt0038205,"['Drama','Film-Noir','Mystery','Thriller']",O,2114112,0,0,0,0,0,0,1,0,0,1,0,0,0,0,1,0,0,0,0,0,0,1,0,0
tt0037693,"['Drama','Film-Noir','Mystery','Thriller']",O,2114112,0,0,0,0,0,0,1,0,0,1,0,0,0,0,1,0,0,0,0,0,0,1,0,0
tt0037932,"['Crime','Drama','Film-Noir','Mystery','Thriller']",O,2114144,0,0,0,0,0,1,1,0,0,1,0,0,0,0,1,0,0,0,0,0,0,1,0,0
tt0037832,"['Crime','Drama','Film-Noir','Mystery','Thriller']",O,2114144,0,0,0,0,0,1,1,0,0,1,0,0,0,0,1,0,0,0,0,0,0,1,0,0
tt0037858,"['Crime','Drama','Film-Noir','Mystery','Thriller']",O,2114144,0,0,0,0,0,1,1,0,0,1,0,0,0,0,1,0,0,0,0,0,0,1,0,0
tt0038214,"['Horror']",O,2048,0,0,0,0,0,0,0,0,0,0,0,1,0,0,0,0,0,0,0,0,0,0,0,0
tt0038214,"['Horror']",O,2048,0,0,0,0,0,0,0,0,0,0,0,1,0,0,0,0,0,0,0,0,0,0,0,0
tt0038214,"['Horror']",O,2048,0,0,0,0,0,0,0,0,0,0,0,1,0,0,0,0,0,0,0,0,0,0,0,0
tt0038214,"['Horror']",O,2048,0,0,0,0,0,0,0,0,0,0,0,1,0,0,0,0,0,0,0,0,0,0,0,0
tt0038214,"['Horror']",O,2048,0,0,0,0,0,0,0,0,0,0,0,1,0,0,0,0,0,0,0,0,0,0,0,0
tt0037793,"['Fantasy','Horror','Sci-Fi']",O,264448,0,0,0,0,0,0,0,0,1,0,0,1,0,0,0,0,0,0,1,0,0,0,0,0
tt0037793,"['Fantasy','Horror','Sci-Fi']",O,264448,0,0,0,0,0,0,0,0,1,0,0,1,0,0,0,0,0,0,1,0,0,0,0,0
tt0037793,"['Fantasy','Horror','Sci-Fi']",O,264448,0,0,0,0,0,0,0,0,1,0,0,1,0,0,0,0,0,0,1,0,0,0,0,0
tt0037793,"['Fantasy','Horror','Sci-Fi']",O,264448,0,0,0,0,0,0,0,0,1,0,0,1,0,0,0,0,0,0,1,0,0,0,0,0
tt0037793,"['Fantasy','Horror','Sci-Fi']",O,264448,0,0,0,0,0,0,0,0,1,0,0,1,0,0,0,0,0,0,1,0,0,0,0,0
tt0037761,"['Crime','Drama','Music','Thriller']",O,2101344,0,0,0,0,0,1,1,0,0,0,0,0,1,0,0,0,0,0,0,0,0,1,0,0
tt0037761,"['Crime','Drama','Music','Thriller']",O,2101344,0,0,0,0,0,1,1,0,0,0,0,0,1,0,0,0,0,0,0,0,0,1,0,0
tt0037761,"['Crime','Drama','Music','Thriller']",O,2101344,0,0,0,0,0,1,1,0,0,0,0,0,1,0,0,0,0,0,0,0,0,1,0,0
tt0037761,"['Crime','Drama','Music','Thriller']",O,2101344,0,0,0,0,0,1,1,0,0,0,0,0,1,0,0,0,0,0,0,0,0,1,0,0
tt0037761,"['Crime','Drama','Music','Thriller']",O,2101344,0,0,0,0,0,1,1,0,0,0,0,0,1,0,0,0,0,0,0,0,0,1,0,0
tt0037642,"['Action','Crime','Mystery','Thriller']",O,2113569,1,0,0,0,0,1,0,0,0,0,0,0,0,0,1,0,0,0,0,0,0,1,0,0
tt0037642,"['Action','Crime','Mystery','Thriller']",O,2113569,1,0,0,0,0,1,0,0,0,0,0,0,0,0,1,0,0,0,0,0,0,1,0,0
tt0037642,"['Action','Crime','Mystery','Thriller']",O,2113569,1,0,0,0,0,1,0,0,0,0,0,0,0,0,1,0,0,0,0,0,0,1,0,0
tt0037642,"['Action','Crime','Mystery','Thriller']",O,2113569,1,0,0,0,0,1,0,0,0,0,0,0,0,0,1,0,0,0,0,0,0,1,0,0
tt0037642,"['Action','Crime','Mystery','Thriller']",O,2113569,1,0,0,0,0,1,0,0,0,0,0,0,0,0,1,0,0,0,0,0,0,1,0,0
tt0038120,"['Biography','Drama','War']",O,4194376,0,0,0,1,0,0,1,0,0,0,0,0,0,0,0,0,0,0,0,0,0,0,1,0
tt0038120,"['Biography','Drama','War']",O,4194376,0,0,0,1,0,0,1,0,0,0,0,0,0,0,0,0,0,0,0,0,0,0,1,0
tt0038120,"['Biography','Drama','War']",O,4194376,0,0,0,1,0,0,1,0,0,0,0,0,0,0,0,0,0,0,0,0,0,0,1,0
tt0038120,"['Biography','Drama','War']",O,4194376,0,0,0,1,0,0,1,0,0,0,0,0,0,0,0,0,0,0,0,0,0,0,1,0
tt0038120,"['Biography','Drama','War']",O,4194376,0,0,0,1,0,0,1,0,0,0,0,0,0,0,0,0,0,0,0,0,0,0,1,0
tt0038924,"['Drama','Music']",O,4160,0,0,0,0,0,0,1,0,0,0,0,0,1,0,0,0,0,0,0,0,0,0,0,0
tt0039234,"['Drama','Music']",O,4160,0,0,0,0,0,0,1,0,0,0,0,0,1,0,0,0,0,0,0,0,0,0,0,0
tt0038924,"['Drama','Music']",O,4160,0,0,0,0,0,0,1,0,0,0,0,0,1,0,0,0,0,0,0,0,0,0,0,0
tt0039234,"['Drama','Music']",O,4160,0,0,0,0,0,0,1,0,0,0,0,0,1,0,0,0,0,0,0,0,0,0,0,0
tt0038008,"['Adventure','Crime','Mystery','Romance']",O,147490,0,1,0,0,0,1,0,0,0,0,0,0,0,0,1,0,0,1,0,0,0,0,0,0
tt0037634,"['Adventure','Crime','Mystery','Romance']",O,147490,0,1,0,0,0,1,0,0,0,0,0,0,0,0,1,0,0,1,0,0,0,0,0,0
tt0038008,"['Adventure','Crime','Mystery','Romance']",O,147490,0,1,0,0,0,1,0,0,0,0,0,0,0,0,1,0,0,1,0,0,0,0,0,0
tt0037634,"['Adventure','Crime','Mystery','Romance']",O,147490,0,1,0,0,0,1,0,0,0,0,0,0,0,0,1,0,0,1,0,0,0,0,0,0
tt0037508,"['Comedy','Romance','Western']",O,8519696,0,0,0,0,1,0,0,0,0,0,0,0,0,0,0,0,0,1,0,0,0,0,0,1
tt0037508,"['Comedy','Romance','Western']",O,8519696,0,0,0,0,1,0,0,0,0,0,0,0,0,0,0,0,0,1,0,0,0,0,0,1
tt0037508,"['Comedy','Romance','Western']",O,8519696,0,0,0,0,1,0,0,0,0,0,0,0,0,0,0,0,0,1,0,0,0,0,0,1
tt0037508,"['Comedy','Romance','Western']",O,8519696,0,0,0,0,1,0,0,0,0,0,0,0,0,0,0,0,0,1,0,0,0,0,0,1
tt0037508,"['Comedy','Romance','Western']",O,8519696,0,0,0,0,1,0,0,0,0,0,0,0,0,0,0,0,0,1,0,0,0,0,0,1
tt0038108,"['Adventure','Drama','Romance']",O,131138,0,1,0,0,0,0,1,0,0,0,0,0,0,0,0,0,0,1,0,0,0,0,0,0
tt0165130,"['Adventure','Drama','Romance']",O,131138,0,1,0,0,0,0,1,0,0,0,0,0,0,0,0,0,0,1,0,0,0,0,0,0
tt0038108,"['Adventure','Drama','Romance']",O,131138,0,1,0,0,0,0,1,0,0,0,0,0,0,0,0,0,0,1,0,0,0,0,0,0
tt0165130,"['Adventure','Drama','Romance']",O,131138,0,1,0,0,0,0,1,0,0,0,0,0,0,0,0,0,0,1,0,0,0,0,0,0
tt0038123,"['Drama','Film-Noir','Romance']",O,131648,0,0,0,0,0,0,1,0,0,1,0,0,0,0,0,0,0,1,0,0,0,0,0,0
tt0038123,"['Drama','Film-Noir','Romance']",O,131648,0,0,0,0,0,0,1,0,0,1,0,0,0,0,0,0,0,1,0,0,0,0,0,0
tt0038123,"['Drama','Film-Noir','Romance']",O,131648,0,0,0,0,0,0,1,0,0,1,0,0,0,0,0,0,0,1,0,0,0,0,0,0
tt0038123,"['Drama','Film-Noir','Romance']",O,131648,0,0,0,0,0,0,1,0,0,1,0,0,0,0,0,0,0,1,0,0,0,0,0,0
tt0038123,"['Drama','Film-Noir','Romance']",O,131648,0,0,0,0,0,0,1,0,0,1,0,0,0,0,0,0,0,1,0,0,0,0,0,0
tt0037931,"['Comedy','Crime','Mystery']",O,16432,0,0,0,0,1,1,0,0,0,0,0,0,0,0,1,0,0,0,0,0,0,0,0,0
tt0037767,"['Comedy','Crime','Mystery']",O,16432,0,0,0,0,1,1,0,0,0,0,0,0,0,0,1,0,0,0,0,0,0,0,0,0
tt0037960,"['Comedy','Crime','Mystery']",O,16432,0,0,0,0,1,1,0,0,0,0,0,0,0,0,1,0,0,0,0,0,0,0,0,0
tt0037547,"['Drama','Romance','Thriller','War']",O,6422592,0,0,0,0,0,0,1,0,0,0,0,0,0,0,0,0,0,1,0,0,0,1,1,0
tt0037547,"['Drama','Romance','Thriller','War']",O,6422592,0,0,0,0,0,0,1,0,0,0,0,0,0,0,0,0,0,1,0,0,0,1,1,0
tt0037547,"['Drama','Romance','Thriller','War']",O,6422592,0,0,0,0,0,0,1,0,0,0,0,0,0,0,0,0,0,1,0,0,0,1,1,0
tt0037547,"['Drama','Romance','Thriller','War']",O,6422592,0,0,0,0,0,0,1,0,0,0,0,0,0,0,0,0,0,1,0,0,0,1,1,0
tt0037547,"['Drama','Romance','Thriller','War']",O,6422592,0,0,0,0,0,0,1,0,0,0,0,0,0,0,0,0,0,1,0,0,0,1,1,0
tt0037711,"['Drama','Horror','Mystery','Romance','Thriller']",O,2246720,0,0,0,0,0,0,1,0,0,0,0,1,0,0,1,0,0,1,0,0,0,1,0,0
tt0037711,"['Drama','Horror','Mystery','Romance','Thriller']",O,2246720,0,0,0,0,0,0,1,0,0,0,0,1,0,0,1,0,0,1,0,0,0,1,0,0
tt0037711,"['Drama','Horror','Mystery','Romance','Thriller']",O,2246720,0,0,0,0,0,0,1,0,0,0,0,1,0,0,1,0,0,1,0,0,0,1,0,0
tt0037711,"['Drama','Horror','Mystery','Romance','Thriller']",O,2246720,0,0,0,0,0,0,1,0,0,0,0,1,0,0,1,0,0,1,0,0,0,1,0,0
tt0037711,"['Drama','Horror','Mystery','Romance','Thriller']",O,2246720,0,0,0,0,0,0,1,0,0,0,0,1,0,0,1,0,0,1,0,0,0,1,0,0
tt0037494,"['Comedy','Drama','Romance']",O,131152,0,0,0,0,1,0,1,0,0,0,0,0,0,0,0,0,0,1,0,0,0,0,0,0
tt0038260,"['Comedy','Fantasy','Musical']",O,8464,0,0,0,0,1,0,0,0,1,0,0,0,0,1,0,0,0,0,0,0,0,0,0,0
tt0038260,"['Comedy','Fantasy','Musical']",O,8464,0,0,0,0,1,0,0,0,1,0,0,0,0,1,0,0,0,0,0,0,0,0,0,0
tt0038260,"['Comedy','Fantasy','Musical']",O,8464,0,0,0,0,1,0,0,0,1,0,0,0,0,1,0,0,0,0,0,0,0,0,0,0
tt0038260,"['Comedy','Fantasy','Musical']",O,8464,0,0,0,0,1,0,0,0,1,0,0,0,0,1,0,0,0,0,0,0,0,0,0,0
tt0038260,"['Comedy','Fantasy','Musical']",O,8464,0,0,0,0,1,0,0,0,1,0,0,0,0,1,0,0,0,0,0,0,0,0,0,0
tt0037838,"['Action','Adventure','Drama']",O,67,1,1,0,0,0,0,1,0,0,0,0,0,0,0,0,0,0,0,0,0,0,0,0,0
tt0038268,"['Action','Adventure','Drama']",O,67,1,1,0,0,0,0,1,0,0,0,0,0,0,0,0,0,0,0,0,0,0,0,0,0
tt0037777,"['Action','Adventure','Drama']",O,67,1,1,0,0,0,0,1,0,0,0,0,0,0,0,0,0,0,0,0,0,0,0,0,0
tt0038660,"['Comedy','Drama','Romance','War']",O,4325456,0,0,0,0,1,0,1,0,0,0,0,0,0,0,0,0,0,1,0,0,0,0,1,0
tt0037801,"['Comedy','Drama','Romance','War']",O,4325456,0,0,0,0,1,0,1,0,0,0,0,0,0,0,0,0,0,1,0,0,0,0,1,0
tt0038660,"['Comedy','Drama','Romance','War']",O,4325456,0,0,0,0,1,0,1,0,0,0,0,0,0,0,0,0,0,1,0,0,0,0,1,0
tt0037801,"['Comedy','Drama','Romance','War']",O,4325456,0,0,0,0,1,0,1,0,0,0,0,0,0,0,0,0,0,1,0,0,0,0,1,0
tt0038000,"['Biography','Drama','Romance','War']",O,4325448,0,0,0,1,0,0,1,0,0,0,0,0,0,0,0,0,0,1,0,0,0,0,1,0
tt0038000,"['Biography','Drama','Romance','War']",O,4325448,0,0,0,1,0,0,1,0,0,0,0,0,0,0,0,0,0,1,0,0,0,0,1,0
tt0038000,"['Biography','Drama','Romance','War']",O,4325448,0,0,0,1,0,0,1,0,0,0,0,0,0,0,0,0,0,1,0,0,0,0,1,0
tt0038000,"['Biography','Drama','Romance','War']",O,4325448,0,0,0,1,0,0,1,0,0,0,0,0,0,0,0,0,0,1,0,0,0,0,1,0
tt0038000,"['Biography','Drama','Romance','War']",O,4325448,0,0,0,1,0,0,1,0,0,0,0,0,0,0,0,0,0,1,0,0,0,0,1,0
tt0037859,"['Comedy','Crime','Film-Noir','Mystery','Romance','Thriller']",O,2245168,0,0,0,0,1,1,0,0,0,1,0,0,0,0,1,0,0,1,0,0,0,1,0,0
tt0037859,"['Comedy','Crime','Film-Noir','Mystery','Romance','Thriller']",O,2245168,0,0,0,0,1,1,0,0,0,1,0,0,0,0,1,0,0,1,0,0,0,1,0,0
tt0037859,"['Comedy','Crime','Film-Noir','Mystery','Romance','Thriller']",O,2245168,0,0,0,0,1,1,0,0,0,1,0,0,0,0,1,0,0,1,0,0,0,1,0,0
tt0037859,"['Comedy','Crime','Film-Noir','Mystery','Romance','Thriller']",O,2245168,0,0,0,0,1,1,0,0,0,1,0,0,0,0,1,0,0,1,0,0,0,1,0,0
tt0037859,"['Comedy','Crime','Film-Noir','Mystery','Romance','Thriller']",O,2245168,0,0,0,0,1,1,0,0,0,1,0,0,0,0,1,0,0,1,0,0,0,1,0,0
tt0037702,"['Musical','Romance','Western']",O,8527872,0,0,0,0,0,0,0,0,0,0,0,0,0,1,0,0,0,1,0,0,0,0,0,1
tt0037702,"['Musical','Romance','Western']",O,8527872,0,0,0,0,0,0,0,0,0,0,0,0,0,1,0,0,0,1,0,0,0,0,0,1
tt0037702,"['Musical','Romance','Western']",O,8527872,0,0,0,0,0,0,0,0,0,0,0,0,0,1,0,0,0,1,0,0,0,0,0,1
tt0037702,"['Musical','Romance','Western']",O,8527872,0,0,0,0,0,0,0,0,0,0,0,0,0,1,0,0,0,1,0,0,0,0,0,1
tt0037702,"['Musical','Romance','Western']",O,8527872,0,0,0,0,0,0,0,0,0,0,0,0,0,1,0,0,0,1,0,0,0,0,0,1
tt0037997,"['Crime','Film-Noir','Romance','Thriller']",O,2228768,0,0,0,0,0,1,0,0,0,1,0,0,0,0,0,0,0,1,0,0,0,1,0,0
tt0037997,"['Crime','Film-Noir','Romance','Thriller']",O,2228768,0,0,0,0,0,1,0,0,0,1,0,0,0,0,0,0,0,1,0,0,0,1,0,0
tt0037997,"['Crime','Film-Noir','Romance','Thriller']",O,2228768,0,0,0,0,0,1,0,0,0,1,0,0,0,0,0,0,0,1,0,0,0,1,0,0
tt0037997,"['Crime','Film-Noir','Romance','Thriller']",O,2228768,0,0,0,0,0,1,0,0,0,1,0,0,0,0,0,0,0,1,0,0,0,1,0,0
tt0037997,"['Crime','Film-Noir','Romance','Thriller']",O,2228768,0,0,0,0,0,1,0,0,0,1,0,0,0,0,0,0,0,1,0,0,0,1,0,0
tt0037563,"['Adventure','Comedy','Musical']",O,8210,0,1,0,0,1,0,0,0,0,0,0,0,0,1,0,0,0,0,0,0,0,0,0,0
tt0037563,"['Adventure','Comedy','Musical']",O,8210,0,1,0,0,1,0,0,0,0,0,0,0,0,1,0,0,0,0,0,0,0,0,0,0
tt0037563,"['Adventure','Comedy','Musical']",O,8210,0,1,0,0,1,0,0,0,0,0,0,0,0,1,0,0,0,0,0,0,0,0,0,0
tt0037563,"['Adventure','Comedy','Musical']",O,8210,0,1,0,0,1,0,0,0,0,0,0,0,0,1,0,0,0,0,0,0,0,0,0,0
tt0037563,"['Adventure','Comedy','Musical']",O,8210,0,1,0,0,1,0,0,0,0,0,0,0,0,1,0,0,0,0,0,0,0,0,0,0
tt0037492,"['Action','Comedy','Music']",O,4113,1,0,0,0,1,0,0,0,0,0,0,0,1,0,0,0,0,0,0,0,0,0,0,0
tt0037492,"['Action','Comedy','Music']",O,4113,1,0,0,0,1,0,0,0,0,0,0,0,1,0,0,0,0,0,0,0,0,0,0,0
tt0037492,"['Action','Comedy','Music']",O,4113,1,0,0,0,1,0,0,0,0,0,0,0,1,0,0,0,0,0,0,0,0,0,0,0
tt0037492,"['Action','Comedy','Music']",O,4113,1,0,0,0,1,0,0,0,0,0,0,0,1,0,0,0,0,0,0,0,0,0,0,0
tt0037492,"['Action','Comedy','Music']",O,4113,1,0,0,0,1,0,0,0,0,0,0,0,1,0,0,0,0,0,0,0,0,0,0,0
tt0036989,"['Drama','History','Romance','War']",O,4326464,0,0,0,0,0,0,1,0,0,0,1,0,0,0,0,0,0,1,0,0,0,0,1,0
tt0036577,"['Drama','History','Romance','War']",O,4326464,0,0,0,0,0,0,1,0,0,0,1,0,0,0,0,0,0,1,0,0,0,0,1,0
tt0038275,"['Drama','History','Romance','War']",O,4326464,0,0,0,0,0,0,1,0,0,0,1,0,0,0,0,0,0,1,0,0,0,0,1,0
tt0038032,"['Adventure','Comedy','Family','Musical']",O,8338,0,1,0,0,1,0,0,1,0,0,0,0,0,1,0,0,0,0,0,0,0,0,0,0
tt0038032,"['Adventure','Comedy','Family','Musical']",O,8338,0,1,0,0,1,0,0,1,0,0,0,0,0,1,0,0,0,0,0,0,0,0,0,0
tt0038032,"['Adventure','Comedy','Family','Musical']",O,8338,0,1,0,0,1,0,0,1,0,0,0,0,0,1,0,0,0,0,0,0,0,0,0,0
tt0038032,"['Adventure','Comedy','Family','Musical']",O,8338,0,1,0,0,1,0,0,1,0,0,0,0,0,1,0,0,0,0,0,0,0,0,0,0
tt0038032,"['Adventure','Comedy','Family','Musical']",O,8338,0,1,0,0,1,0,0,1,0,0,0,0,0,1,0,0,0,0,0,0,0,0,0,0
tt0038046,"['Adventure','Drama','Music','Romance','War','Western']",O,12718146,0,1,0,0,0,0,1,0,0,0,0,0,1,0,0,0,0,1,0,0,0,0,1,1
tt0038046,"['Adventure','Drama','Music','Romance','War','Western']",O,12718146,0,1,0,0,0,0,1,0,0,0,0,0,1,0,0,0,0,1,0,0,0,0,1,1
tt0038046,"['Adventure','Drama','Music','Romance','War','Western']",O,12718146,0,1,0,0,0,0,1,0,0,0,0,0,1,0,0,0,0,1,0,0,0,0,1,1
tt0038046,"['Adventure','Drama','Music','Romance','War','Western']",O,12718146,0,1,0,0,0,0,1,0,0,0,0,0,1,0,0,0,0,1,0,0,0,0,1,1
tt0038046,"['Adventure','Drama','Music','Romance','War','Western']",O,12718146,0,1,0,0,0,0,1,0,0,0,0,0,1,0,0,0,0,1,0,0,0,0,1,1
tt0038262,"['Fantasy','Musical','Romance']",O,139520,0,0,0,0,0,0,0,0,1,0,0,0,0,1,0,0,0,1,0,0,0,0,0,0
tt0038262,"['Fantasy','Musical','Romance']",O,139520,0,0,0,0,0,0,0,0,1,0,0,0,0,1,0,0,0,1,0,0,0,0,0,0
tt0038262,"['Fantasy','Musical','Romance']",O,139520,0,0,0,0,0,0,0,0,1,0,0,0,0,1,0,0,0,1,0,0,0,0,0,0
tt0038262,"['Fantasy','Musical','Romance']",O,139520,0,0,0,0,0,0,0,0,1,0,0,0,0,1,0,0,0,1,0,0,0,0,0,0
tt0038262,"['Fantasy','Musical','Romance']",O,139520,0,0,0,0,0,0,0,0,1,0,0,0,0,1,0,0,0,1,0,0,0,0,0,0
tt0037885,"['Drama','Mystery','Romance']",O,147520,0,0,0,0,0,0,1,0,0,0,0,0,0,0,1,0,0,1,0,0,0,0,0,0
tt0180132,"['Drama','Mystery','Romance']",O,147520,0,0,0,0,0,0,1,0,0,0,0,0,0,0,1,0,0,1,0,0,0,0,0,0
tt0037885,"['Drama','Mystery','Romance']",O,147520,0,0,0,0,0,0,1,0,0,0,0,0,0,0,1,0,0,1,0,0,0,0,0,0
tt0180132,"['Drama','Mystery','Romance']",O,147520,0,0,0,0,0,0,1,0,0,0,0,0,0,0,1,0,0,1,0,0,0,0,0,0
tt0037918,"['Comedy','Mystery']",O,16400,0,0,0,0,1,0,0,0,0,0,0,0,0,0,1,0,0,0,0,0,0,0,0,0
tt0038055,"['Comedy','Mystery']",O,16400,0,0,0,0,1,0,0,0,0,0,0,0,0,0,1,0,0,0,0,0,0,0,0,0
tt0038158,"['Comedy','Mystery']",O,16400,0,0,0,0,1,0,0,0,0,0,0,0,0,0,1,0,0,0,0,0,0,0,0,0
tt0037644,"['Biography','Crime','Drama','Film-Noir','Thriller']",O,2097768,0,0,0,1,0,1,1,0,0,1,0,0,0,0,0,0,0,0,0,0,0,1,0,0
tt0037644,"['Biography','Crime','Drama','Film-Noir','Thriller']",O,2097768,0,0,0,1,0,1,1,0,0,1,0,0,0,0,0,0,0,0,0,0,0,1,0,0
tt0037644,"['Biography','Crime','Drama','Film-Noir','Thriller']",O,2097768,0,0,0,1,0,1,1,0,0,1,0,0,0,0,0,0,0,0,0,0,0,1,0,0
tt0037644,"['Biography','Crime','Drama','Film-Noir','Thriller']",O,2097768,0,0,0,1,0,1,1,0,0,1,0,0,0,0,0,0,0,0,0,0,0,1,0,0
tt0037644,"['Biography','Crime','Drama','Film-Noir','Thriller']",O,2097768,0,0,0,1,0,1,1,0,0,1,0,0,0,0,0,0,0,0,0,0,0,1,0,0
tt0038104,"['Biography','Drama','Music']",O,4168,0,0,0,1,0,0,1,0,0,0,0,0,1,0,0,0,0,0,0,0,0,0,0,0
tt0038104,"['Biography','Drama','Music']",O,4168,0,0,0,1,0,0,1,0,0,0,0,0,1,0,0,0,0,0,0,0,0,0,0,0
tt0038104,"['Biography','Drama','Music']",O,4168,0,0,0,1,0,0,1,0,0,0,0,0,1,0,0,0,0,0,0,0,0,0,0,0
tt0038104,"['Biography','Drama','Music']",O,4168,0,0,0,1,0,0,1,0,0,0,0,0,1,0,0,0,0,0,0,0,0,0,0,0
tt0038104,"['Biography','Drama','Music']",O,4168,0,0,0,1,0,0,1,0,0,0,0,0,1,0,0,0,0,0,0,0,0,0,0,0
tt0038040,"['Comedy','Drama','History','Romance']",O,132176,0,0,0,0,1,0,1,0,0,0,1,0,0,0,0,0,0,1,0,0,0,0,0,0
tt0038040,"['Comedy','Drama','History','Romance']",O,132176,0,0,0,0,1,0,1,0,0,0,1,0,0,0,0,0,0,1,0,0,0,0,0,0
tt0038040,"['Comedy','Drama','History','Romance']",O,132176,0,0,0,0,1,0,1,0,0,0,1,0,0,0,0,0,0,1,0,0,0,0,0,0
tt0038040,"['Comedy','Drama','History','Romance']",O,132176,0,0,0,0,1,0,1,0,0,0,1,0,0,0,0,0,0,1,0,0,0,0,0,0
tt0038040,"['Comedy','Drama','History','Romance']",O,132176,0,0,0,0,1,0,1,0,0,0,1,0,0,0,0,0,0,1,0,0,0,0,0,0
tt0037849,"['Drama','History']",O,1088,0,0,0,0,0,0,1,0,0,0,1,0,0,0,0,0,0,0,0,0,0,0,0,0
tt0142385,"['Drama','History']",O,1088,0,0,0,0,0,0,1,0,0,0,1,0,0,0,0,0,0,0,0,0,0,0,0,0
tt0037939,"['Adventure','Comedy','Music','Romance']",O,135186,0,1,0,0,1,0,0,0,0,0,0,0,1,0,0,0,0,1,0,0,0,0,0,0
tt0037802,"['Adventure','Comedy','Music','Romance']",O,135186,0,1,0,0,1,0,0,0,0,0,0,0,1,0,0,0,0,1,0,0,0,0,0,0
tt0037939,"['Adventure','Comedy','Music','Romance']",O,135186,0,1,0,0,1,0,0,0,0,0,0,0,1,0,0,0,0,1,0,0,0,0,0,0
tt0037802,"['Adventure','Comedy','Music','Romance']",O,135186,0,1,0,0,1,0,0,0,0,0,0,0,1,0,0,0,0,1,0,0,0,0,0,0
tt0038056,"['Comedy','Crime','Mystery','Thriller']",O,2113584,0,0,0,0,1,1,0,0,0,0,0,0,0,0,1,0,0,0,0,0,0,1,0,0
tt0038017,"['Comedy','Crime','Mystery','Thriller']",O,2113584,0,0,0,0,1,1,0,0,0,0,0,0,0,0,1,0,0,0,0,0,0,1,0,0
tt0038056,"['Comedy','Crime','Mystery','Thriller']",O,2113584,0,0,0,0,1,1,0,0,0,0,0,0,0,0,1,0,0,0,0,0,0,1,0,0
tt0038017,"['Comedy','Crime','Mystery','Thriller']",O,2113584,0,0,0,0,1,1,0,0,0,0,0,0,0,0,1,0,0,0,0,0,0,1,0,0
tt0037895,"['Action','Sci-Fi']",O,262145,1,0,0,0,0,0,0,0,0,0,0,0,0,0,0,0,0,0,1,0,0,0,0,0
tt0038007,"['Action','Sci-Fi']",O,262145,1,0,0,0,0,0,0,0,0,0,0,0,0,0,0,0,0,0,1,0,0,0,0,0
tt0037895,"['Action','Sci-Fi']",O,262145,1,0,0,0,0,0,0,0,0,0,0,0,0,0,0,0,0,0,1,0,0,0,0,0
tt0038007,"['Action','Sci-Fi']",O,262145,1,0,0,0,0,0,0,0,0,0,0,0,0,0,0,0,0,0,1,0,0,0,0,0
tt0038178,"['Drama','Musical']",O,8256,0,0,0,0,0,0,1,0,0,0,0,0,0,1,0,0,0,0,0,0,0,0,0,0
tt0037946,"['Drama','Musical']",O,8256,0,0,0,0,0,0,1,0,0,0,0,0,0,1,0,0,0,0,0,0,0,0,0,0
tt0219598,"['Drama','Musical']",O,8256,0,0,0,0,0,0,1,0,0,0,0,0,0,1,0,0,0,0,0,0,0,0,0,0
tt0037746,"['Action','Adventure','Biography','Drama','War']",O,4194379,1,1,0,1,0,0,1,0,0,0,0,0,0,0,0,0,0,0,0,0,0,0,1,0
tt0037746,"['Action','Adventure','Biography','Drama','War']",O,4194379,1,1,0,1,0,0,1,0,0,0,0,0,0,0,0,0,0,0,0,0,0,0,1,0
tt0037746,"['Action','Adventure','Biography','Drama','War']",O,4194379,1,1,0,1,0,0,1,0,0,0,0,0,0,0,0,0,0,0,0,0,0,0,1,0
tt0037746,"['Action','Adventure','Biography','Drama','War']",O,4194379,1,1,0,1,0,0,1,0,0,0,0,0,0,0,0,0,0,0,0,0,0,0,1,0
tt0037746,"['Action','Adventure','Biography','Drama','War']",O,4194379,1,1,0,1,0,0,1,0,0,0,0,0,0,0,0,0,0,0,0,0,0,0,1,0
tt0038165,"['Adventure','Comedy','Fantasy','Musical']",O,8466,0,1,0,0,1,0,0,0,1,0,0,0,0,1,0,0,0,0,0,0,0,0,0,0
tt0038165,"['Adventure','Comedy','Fantasy','Musical']",O,8466,0,1,0,0,1,0,0,0,1,0,0,0,0,1,0,0,0,0,0,0,0,0,0,0
tt0038165,"['Adventure','Comedy','Fantasy','Musical']",O,8466,0,1,0,0,1,0,0,0,1,0,0,0,0,1,0,0,0,0,0,0,0,0,0,0
tt0038165,"['Adventure','Comedy','Fantasy','Musical']",O,8466,0,1,0,0,1,0,0,0,1,0,0,0,0,1,0,0,0,0,0,0,0,0,0,0
tt0038165,"['Adventure','Comedy','Fantasy','Musical']",O,8466,0,1,0,0,1,0,0,0,1,0,0,0,0,1,0,0,0,0,0,0,0,0,0,0
tt0037790,"['Comedy','Fantasy','Music']",O,4368,0,0,0,0,1,0,0,0,1,0,0,0,1,0,0,0,0,0,0,0,0,0,0,0
tt0037790,"['Comedy','Fantasy','Music']",O,4368,0,0,0,0,1,0,0,0,1,0,0,0,1,0,0,0,0,0,0,0,0,0,0,0
tt0037790,"['Comedy','Fantasy','Music']",O,4368,0,0,0,0,1,0,0,0,1,0,0,0,1,0,0,0,0,0,0,0,0,0,0,0
tt0037790,"['Comedy','Fantasy','Music']",O,4368,0,0,0,0,1,0,0,0,1,0,0,0,1,0,0,0,0,0,0,0,0,0,0,0
tt0037790,"['Comedy','Fantasy','Music']",O,4368,0,0,0,0,1,0,0,0,1,0,0,0,1,0,0,0,0,0,0,0,0,0,0,0
tt0038170,"['Musical','Romance']",O,139264,0,0,0,0,0,0,0,0,0,0,0,0,0,1,0,0,0,1,0,0,0,0,0,0
tt0037636,"['Musical','Romance']",O,139264,0,0,0,0,0,0,0,0,0,0,0,0,0,1,0,0,0,1,0,0,0,0,0,0
tt0038182,"['Adventure','Drama','Thriller']",O,2097218,0,1,0,0,0,0,1,0,0,0,0,0,0,0,0,0,0,0,0,0,0,1,0,0
tt0038182,"['Adventure','Drama','Thriller']",O,2097218,0,1,0,0,0,0,1,0,0,0,0,0,0,0,0,0,0,0,0,0,0,1,0,0
tt0038182,"['Adventure','Drama','Thriller']",O,2097218,0,1,0,0,0,0,1,0,0,0,0,0,0,0,0,0,0,0,0,0,0,1,0,0
tt0038182,"['Adventure','Drama','Thriller']",O,2097218,0,1,0,0,0,0,1,0,0,0,0,0,0,0,0,0,0,0,0,0,0,1,0,0
tt0038182,"['Adventure','Drama','Thriller']",O,2097218,0,1,0,0,0,0,1,0,0,0,0,0,0,0,0,0,0,0,0,0,0,1,0,0
tt0038126,"['Crime','Drama','Film-Noir','Mystery']",O,16992,0,0,0,0,0,1,1,0,0,1,0,0,0,0,1,0,0,0,0,0,0,0,0,0
tt0038199,"['Crime','Drama','Film-Noir','Mystery']",O,16992,0,0,0,0,0,1,1,0,0,1,0,0,0,0,1,0,0,0,0,0,0,0,0,0
tt0037829,"['Crime','Drama','Film-Noir','Mystery']",O,16992,0,0,0,0,0,1,1,0,0,1,0,0,0,0,1,0,0,0,0,0,0,0,0,0
tt0037749,"['Drama','Film-Noir','Mystery','Romance','Thriller']",O,2245184,0,0,0,0,0,0,1,0,0,1,0,0,0,0,1,0,0,1,0,0,0,1,0,0
tt0037749,"['Drama','Film-Noir','Mystery','Romance','Thriller']",O,2245184,0,0,0,0,0,0,1,0,0,1,0,0,0,0,1,0,0,1,0,0,0,1,0,0
tt0037749,"['Drama','Film-Noir','Mystery','Romance','Thriller']",O,2245184,0,0,0,0,0,0,1,0,0,1,0,0,0,0,1,0,0,1,0,0,0,1,0,0
tt0037749,"['Drama','Film-Noir','Mystery','Romance','Thriller']",O,2245184,0,0,0,0,0,0,1,0,0,1,0,0,0,0,1,0,0,1,0,0,0,1,0,0
tt0037749,"['Drama','Film-Noir','Mystery','Romance','Thriller']",O,2245184,0,0,0,0,0,0,1,0,0,1,0,0,0,0,1,0,0,1,0,0,0,1,0,0
tt0038119,"['Comedy','Musical','Romance']",O,139280,0,0,0,0,1,0,0,0,0,0,0,0,0,1,0,0,0,1,0,0,0,0,0,0
tt0219917,"['Comedy','Musical','Romance']",O,139280,0,0,0,0,1,0,0,0,0,0,0,0,0,1,0,0,0,1,0,0,0,0,0,0
tt0037970,"['Comedy','Musical','Romance']",O,139280,0,0,0,0,1,0,0,0,0,0,0,0,0,1,0,0,0,1,0,0,0,0,0,0
tt0037837,"['Horror','Sci-Fi']",O,264192,0,0,0,0,0,0,0,0,0,0,0,1,0,0,0,0,0,0,1,0,0,0,0,0
tt0037837,"['Horror','Sci-Fi']",O,264192,0,0,0,0,0,0,0,0,0,0,0,1,0,0,0,0,0,0,1,0,0,0,0,0
tt0037837,"['Horror','Sci-Fi']",O,264192,0,0,0,0,0,0,0,0,0,0,0,1,0,0,0,0,0,0,1,0,0,0,0,0
tt0037837,"['Horror','Sci-Fi']",O,264192,0,0,0,0,0,0,0,0,0,0,0,1,0,0,0,0,0,0,1,0,0,0,0,0
tt0037837,"['Horror','Sci-Fi']",O,264192,0,0,0,0,0,0,0,0,0,0,0,1,0,0,0,0,0,0,1,0,0,0,0,0
tt0037632,"['Crime','Drama','Film-Noir','Romance']",O,131680,0,0,0,0,0,1,1,0,0,1,0,0,0,0,0,0,0,1,0,0,0,0,0,0
tt0037632,"['Crime','Drama','Film-Noir','Romance']",O,131680,0,0,0,0,0,1,1,0,0,1,0,0,0,0,0,0,0,1,0,0,0,0,0,0
tt0037632,"['Crime','Drama','Film-Noir','Romance']",O,131680,0,0,0,0,0,1,1,0,0,1,0,0,0,0,0,0,0,1,0,0,0,0,0,0
tt0037632,"['Crime','Drama','Film-Noir','Romance']",O,131680,0,0,0,0,0,1,1,0,0,1,0,0,0,0,0,0,0,1,0,0,0,0,0,0
tt0037632,"['Crime','Drama','Film-Noir','Romance']",O,131680,0,0,0,0,0,1,1,0,0,1,0,0,0,0,0,0,0,1,0,0,0,0,0,0
tt0037721,"['Action','Adventure','Music','Romance','Western']",O,8523779,1,1,0,0,0,0,0,0,0,0,0,0,1,0,0,0,0,1,0,0,0,0,0,1
tt0037721,"['Action','Adventure','Music','Romance','Western']",O,8523779,1,1,0,0,0,0,0,0,0,0,0,0,1,0,0,0,0,1,0,0,0,0,0,1
tt0037721,"['Action','Adventure','Music','Romance','Western']",O,8523779,1,1,0,0,0,0,0,0,0,0,0,0,1,0,0,0,0,1,0,0,0,0,0,1
tt0037721,"['Action','Adventure','Music','Romance','Western']",O,8523779,1,1,0,0,0,0,0,0,0,0,0,0,1,0,0,0,0,1,0,0,0,0,0,1
tt0037721,"['Action','Adventure','Music','Romance','Western']",O,8523779,1,1,0,0,0,0,0,0,0,0,0,0,1,0,0,0,0,1,0,0,0,0,0,1
tt0037179,"['Drama','Mystery','Thriller']",O,2113600,0,0,0,0,0,0,1,0,0,0,0,0,0,0,1,0,0,0,0,0,0,1,0,0
tt0037179,"['Drama','Mystery','Thriller']",O,2113600,0,0,0,0,0,0,1,0,0,0,0,0,0,0,1,0,0,0,0,0,0,1,0,0
tt0037179,"['Drama','Mystery','Thriller']",O,2113600,0,0,0,0,0,0,1,0,0,0,0,0,0,0,1,0,0,0,0,0,0,1,0,0
tt0037179,"['Drama','Mystery','Thriller']",O,2113600,0,0,0,0,0,0,1,0,0,0,0,0,0,0,1,0,0,0,0,0,0,1,0,0
tt0037179,"['Drama','Mystery','Thriller']",O,2113600,0,0,0,0,0,0,1,0,0,0,0,0,0,0,1,0,0,0,0,0,0,1,0,0
tt0038549,"['Adventure']",O,2,0,1,0,0,0,0,0,0,0,0,0,0,0,0,0,0,0,0,0,0,0,0,0,0
tt0039987,"['Adventure']",O,2,0,1,0,0,0,0,0,0,0,0,0,0,0,0,0,0,0,0,0,0,0,0,0,0
tt0214567,"['Adventure']",O,2,0,1,0,0,0,0,0,0,0,0,0,0,0,0,0,0,0,0,0,0,0,0,0,0
tt0038080,"['Comedy','Crime','Drama','Mystery','Thriller']",O,2113648,0,0,0,0,1,1,1,0,0,0,0,0,0,0,1,0,0,0,0,0,0,1,0,0
tt0038080,"['Comedy','Crime','Drama','Mystery','Thriller']",O,2113648,0,0,0,0,1,1,1,0,0,0,0,0,0,0,1,0,0,0,0,0,0,1,0,0
tt0038080,"['Comedy','Crime','Drama','Mystery','Thriller']",O,2113648,0,0,0,0,1,1,1,0,0,0,0,0,0,0,1,0,0,0,0,0,0,1,0,0
tt0038080,"['Comedy','Crime','Drama','Mystery','Thriller']",O,2113648,0,0,0,0,1,1,1,0,0,0,0,0,0,0,1,0,0,0,0,0,0,1,0,0
tt0038080,"['Comedy','Crime','Drama','Mystery','Thriller']",O,2113648,0,0,0,0,1,1,1,0,0,0,0,0,0,0,1,0,0,0,0,0,0,1,0,0
tt0037771,"['Comedy','Music','Sport']",O,528400,0,0,0,0,1,0,0,0,0,0,0,0,1,0,0,0,0,0,0,1,0,0,0,0
tt0037771,"['Comedy','Music','Sport']",O,528400,0,0,0,0,1,0,0,0,0,0,0,0,1,0,0,0,0,0,0,1,0,0,0,0
tt0037771,"['Comedy','Music','Sport']",O,528400,0,0,0,0,1,0,0,0,0,0,0,0,1,0,0,0,0,0,0,1,0,0,0,0
tt0037771,"['Comedy','Music','Sport']",O,528400,0,0,0,0,1,0,0,0,0,0,0,0,1,0,0,0,0,0,0,1,0,0,0,0
tt0037771,"['Comedy','Music','Sport']",O,528400,0,0,0,0,1,0,0,0,0,0,0,0,1,0,0,0,0,0,0,1,0,0,0,0
tt0037822,"['Comedy','Drama','Musical']",O,8272,0,0,0,0,1,0,1,0,0,0,0,0,0,1,0,0,0,0,0,0,0,0,0,0
tt0219570,"['Comedy','Drama','Musical']",O,8272,0,0,0,0,1,0,1,0,0,0,0,0,0,1,0,0,0,0,0,0,0,0,0,0
tt0037822,"['Comedy','Drama','Musical']",O,8272,0,0,0,0,1,0,1,0,0,0,0,0,0,1,0,0,0,0,0,0,0,0,0,0
tt0219570,"['Comedy','Drama','Musical']",O,8272,0,0,0,0,1,0,1,0,0,0,0,0,0,1,0,0,0,0,0,0,0,0,0,0
tt0037637,"['Adventure','Drama','Family']",O,194,0,1,0,0,0,0,1,1,0,0,0,0,0,0,0,0,0,0,0,0,0,0,0,0
tt0037637,"['Adventure','Drama','Family']",O,194,0,1,0,0,0,0,1,1,0,0,0,0,0,0,0,0,0,0,0,0,0,0,0,0
tt0037637,"['Adventure','Drama','Family']",O,194,0,1,0,0,0,0,1,1,0,0,0,0,0,0,0,0,0,0,0,0,0,0,0,0
tt0037637,"['Adventure','Drama','Family']",O,194,0,1,0,0,0,0,1,1,0,0,0,0,0,0,0,0,0,0,0,0,0,0,0,0
tt0037637,"['Adventure','Drama','Family']",O,194,0,1,0,0,0,0,1,1,0,0,0,0,0,0,0,0,0,0,0,0,0,0,0,0
tt0038134,"['Action','Adventure','Romance']",O,131075,1,1,0,0,0,0,0,0,0,0,0,0,0,0,0,0,0,1,0,0,0,0,0,0
tt0038134,"['Action','Adventure','Romance']",O,131075,1,1,0,0,0,0,0,0,0,0,0,0,0,0,0,0,0,1,0,0,0,0,0,0
tt0038134,"['Action','Adventure','Romance']",O,131075,1,1,0,0,0,0,0,0,0,0,0,0,0,0,0,0,0,1,0,0,0,0,0,0
tt0038134,"['Action','Adventure','Romance']",O,131075,1,1,0,0,0,0,0,0,0,0,0,0,0,0,0,0,0,1,0,0,0,0,0,0
tt0038134,"['Action','Adventure','Romance']",O,131075,1,1,0,0,0,0,0,0,0,0,0,0,0,0,0,0,0,1,0,0,0,0,0,0
tt0038245,"['Fantasy','Musical']",O,8448,0,0,0,0,0,0,0,0,1,0,0,0,0,1,0,0,0,0,0,0,0,0,0,0
tt0038245,"['Fantasy','Musical']",O,8448,0,0,0,0,0,0,0,0,1,0,0,0,0,1,0,0,0,0,0,0,0,0,0,0
tt0038245,"['Fantasy','Musical']",O,8448,0,0,0,0,0,0,0,0,1,0,0,0,0,1,0,0,0,0,0,0,0,0,0,0
tt0038245,"['Fantasy','Musical']",O,8448,0,0,0,0,0,0,0,0,1,0,0,0,0,1,0,0,0,0,0,0,0,0,0,0
tt0038245,"['Fantasy','Musical']",O,8448,0,0,0,0,0,0,0,0,1,0,0,0,0,1,0,0,0,0,0,0,0,0,0,0
tt0037904,"['Action','Adventure','Crime','Drama']",O,99,1,1,0,0,0,1,1,0,0,0,0,0,0,0,0,0,0,0,0,0,0,0,0,0
tt0037904,"['Action','Adventure','Crime','Drama']",O,99,1,1,0,0,0,1,1,0,0,0,0,0,0,0,0,0,0,0,0,0,0,0,0,0
tt0037904,"['Action','Adventure','Crime','Drama']",O,99,1,1,0,0,0,1,1,0,0,0,0,0,0,0,0,0,0,0,0,0,0,0,0,0
tt0037904,"['Action','Adventure','Crime','Drama']",O,99,1,1,0,0,0,1,1,0,0,0,0,0,0,0,0,0,0,0,0,0,0,0,0,0
tt0037904,"['Action','Adventure','Crime','Drama']",O,99,1,1,0,0,0,1,1,0,0,0,0,0,0,0,0,0,0,0,0,0,0,0,0,0
tt0038097,"['Adventure','Drama','Family','War']",O,4194498,0,1,0,0,0,0,1,1,0,0,0,0,0,0,0,0,0,0,0,0,0,0,1,0
tt0038097,"['Adventure','Drama','Family','War']",O,4194498,0,1,0,0,0,0,1,1,0,0,0,0,0,0,0,0,0,0,0,0,0,0,1,0
tt0038097,"['Adventure','Drama','Family','War']",O,4194498,0,1,0,0,0,0,1,1,0,0,0,0,0,0,0,0,0,0,0,0,0,0,1,0
tt0038097,"['Adventure','Drama','Family','War']",O,4194498,0,1,0,0,0,0,1,1,0,0,0,0,0,0,0,0,0,0,0,0,0,0,1,0
tt0038097,"['Adventure','Drama','Family','War']",O,4194498,0,1,0,0,0,0,1,1,0,0,0,0,0,0,0,0,0,0,0,0,0,0,1,0
tt0037799,"['Comedy','Crime']",O,48,0,0,0,0,1,1,0,0,0,0,0,0,0,0,0,0,0,0,0,0,0,0,0,0
tt0038118,"['Comedy','Crime']",O,48,0,0,0,0,1,1,0,0,0,0,0,0,0,0,0,0,0,0,0,0,0,0,0,0
tt0037826,"['Horror','Mystery','Sci-Fi']",O,280576,0,0,0,0,0,0,0,0,0,0,0,1,0,0,1,0,0,0,1,0,0,0,0,0
tt0037826,"['Horror','Mystery','Sci-Fi']",O,280576,0,0,0,0,0,0,0,0,0,0,0,1,0,0,1,0,0,0,1,0,0,0,0,0
tt0037826,"['Horror','Mystery','Sci-Fi']",O,280576,0,0,0,0,0,0,0,0,0,0,0,1,0,0,1,0,0,0,1,0,0,0,0,0
tt0037826,"['Horror','Mystery','Sci-Fi']",O,280576,0,0,0,0,0,0,0,0,0,0,0,1,0,0,1,0,0,0,1,0,0,0,0,0
tt0037826,"['Horror','Mystery','Sci-Fi']",O,280576,0,0,0,0,0,0,0,0,0,0,0,1,0,0,1,0,0,0,1,0,0,0,0,0
tt0037575,"['Biography','Drama']",O,72,0,0,0,1,0,0,1,0,0,0,0,0,0,0,0,0,0,0,0,0,0,0,0,0
tt0175437,"['Biography','Drama']",O,72,0,0,0,1,0,0,1,0,0,0,0,0,0,0,0,0,0,0,0,0,0,0,0,0
tt0037575,"['Biography','Drama']",O,72,0,0,0,1,0,0,1,0,0,0,0,0,0,0,0,0,0,0,0,0,0,0,0,0
tt0175437,"['Biography','Drama']",O,72,0,0,0,1,0,0,1,0,0,0,0,0,0,0,0,0,0,0,0,0,0,0,0,0
tt0038246,"['Adventure','Comedy']",O,18,0,1,0,0,1,0,0,0,0,0,0,0,0,0,0,0,0,0,0,0,0,0,0,0
tt0038246,"['Adventure','Comedy']",O,18,0,1,0,0,1,0,0,0,0,0,0,0,0,0,0,0,0,0,0,0,0,0,0,0
tt0038246,"['Adventure','Comedy']",O,18,0,1,0,0,1,0,0,0,0,0,0,0,0,0,0,0,0,0,0,0,0,0,0,0
tt0038246,"['Adventure','Comedy']",O,18,0,1,0,0,1,0,0,0,0,0,0,0,0,0,0,0,0,0,0,0,0,0,0,0
tt0038246,"['Adventure','Comedy']",O,18,0,1,0,0,1,0,0,0,0,0,0,0,0,0,0,0,0,0,0,0,0,0,0,0
tt0037927,"['Action','Adventure','Thriller']",O,2097155,1,1,0,0,0,0,0,0,0,0,0,0,0,0,0,0,0,0,0,0,0,1,0,0
tt0037927,"['Action','Adventure','Thriller']",O,2097155,1,1,0,0,0,0,0,0,0,0,0,0,0,0,0,0,0,0,0,0,0,1,0,0
tt0037927,"['Action','Adventure','Thriller']",O,2097155,1,1,0,0,0,0,0,0,0,0,0,0,0,0,0,0,0,0,0,0,0,1,0,0
tt0037927,"['Action','Adventure','Thriller']",O,2097155,1,1,0,0,0,0,0,0,0,0,0,0,0,0,0,0,0,0,0,0,0,1,0,0
tt0037927,"['Action','Adventure','Thriller']",O,2097155,1,1,0,0,0,0,0,0,0,0,0,0,0,0,0,0,0,0,0,0,0,1,0,0
tt0038270,"['Comedy','Fantasy','Horror']",O,2320,0,0,0,0,1,0,0,0,1,0,0,1,0,0,0,0,0,0,0,0,0,0,0,0
tt0038270,"['Comedy','Fantasy','Horror']",O,2320,0,0,0,0,1,0,0,0,1,0,0,1,0,0,0,0,0,0,0,0,0,0,0,0
tt0038270,"['Comedy','Fantasy','Horror']",O,2320,0,0,0,0,1,0,0,0,1,0,0,1,0,0,0,0,0,0,0,0,0,0,0,0
tt0038270,"['Comedy','Fantasy','Horror']",O,2320,0,0,0,0,1,0,0,0,1,0,0,1,0,0,0,0,0,0,0,0,0,0,0,0
tt0038270,"['Comedy','Fantasy','Horror']",O,2320,0,0,0,0,1,0,0,0,1,0,0,1,0,0,0,0,0,0,0,0,0,0,0,0
tt0037694,"['Action','Adventure','Crime']",O,35,1,1,0,0,0,1,0,0,0,0,0,0,0,0,0,0,0,0,0,0,0,0,0,0
tt0037694,"['Action','Adventure','Crime']",O,35,1,1,0,0,0,1,0,0,0,0,0,0,0,0,0,0,0,0,0,0,0,0,0,0
tt0037694,"['Action','Adventure','Crime']",O,35,1,1,0,0,0,1,0,0,0,0,0,0,0,0,0,0,0,0,0,0,0,0,0,0
tt0037694,"['Action','Adventure','Crime']",O,35,1,1,0,0,0,1,0,0,0,0,0,0,0,0,0,0,0,0,0,0,0,0,0,0
tt0037694,"['Action','Adventure','Crime']",O,35,1,1,0,0,0,1,0,0,0,0,0,0,0,0,0,0,0,0,0,0,0,0,0,0
tt0037628,"['Action','Adventure','Drama','Western']",O,8388675,1,1,0,0,0,0,1,0,0,0,0,0,0,0,0,0,0,0,0,0,0,0,0,1
tt0037628,"['Action','Adventure','Drama','Western']",O,8388675,1,1,0,0,0,0,1,0,0,0,0,0,0,0,0,0,0,0,0,0,0,0,0,1
tt0037628,"['Action','Adventure','Drama','Western']",O,8388675,1,1,0,0,0,0,1,0,0,0,0,0,0,0,0,0,0,0,0,0,0,0,0,1
tt0037628,"['Action','Adventure','Drama','Western']",O,8388675,1,1,0,0,0,0,1,0,0,0,0,0,0,0,0,0,0,0,0,0,0,0,0,1
tt0037628,"['Action','Adventure','Drama','Western']",O,8388675,1,1,0,0,0,0,1,0,0,0,0,0,0,0,0,0,0,0,0,0,0,0,0,1
tt0037593,"['Adventure','Drama','War']",O,4194370,0,1,0,0,0,0,1,0,0,0,0,0,0,0,0,0,0,0,0,0,0,0,1,0
tt0217301,"['Adventure','Drama','War']",O,4194370,0,1,0,0,0,0,1,0,0,0,0,0,0,0,0,0,0,0,0,0,0,0,1,0
tt0038451,"['Adventure','Drama','War']",O,4194370,0,1,0,0,0,0,1,0,0,0,0,0,0,0,0,0,0,0,0,0,0,0,1,0
tt0038033,"['Action','Comedy','Music','Western']",O,8392721,1,0,0,0,1,0,0,0,0,0,0,0,1,0,0,0,0,0,0,0,0,0,0,1
tt0038033,"['Action','Comedy','Music','Western']",O,8392721,1,0,0,0,1,0,0,0,0,0,0,0,1,0,0,0,0,0,0,0,0,0,0,1
tt0038033,"['Action','Comedy','Music','Western']",O,8392721,1,0,0,0,1,0,0,0,0,0,0,0,1,0,0,0,0,0,0,0,0,0,0,1
tt0038033,"['Action','Comedy','Music','Western']",O,8392721,1,0,0,0,1,0,0,0,0,0,0,0,1,0,0,0,0,0,0,0,0,0,0,1
tt0038033,"['Action','Comedy','Music','Western']",O,8392721,1,0,0,0,1,0,0,0,0,0,0,0,1,0,0,0,0,0,0,0,0,0,0,1
tt0037038,"['Action','Crime','Drama','Thriller']",O,2097249,1,0,0,0,0,1,1,0,0,0,0,0,0,0,0,0,0,0,0,0,0,1,0,0
tt0037038,"['Action','Crime','Drama','Thriller']",O,2097249,1,0,0,0,0,1,1,0,0,0,0,0,0,0,0,0,0,0,0,0,0,1,0,0
tt0037038,"['Action','Crime','Drama','Thriller']",O,2097249,1,0,0,0,0,1,1,0,0,0,0,0,0,0,0,0,0,0,0,0,0,1,0,0
tt0037038,"['Action','Crime','Drama','Thriller']",O,2097249,1,0,0,0,0,1,1,0,0,0,0,0,0,0,0,0,0,0,0,0,0,1,0,0
tt0037038,"['Action','Crime','Drama','Thriller']",O,2097249,1,0,0,0,0,1,1,0,0,0,0,0,0,0,0,0,0,0,0,0,0,1,0,0
tt0037722,"['Horror','Mystery','Romance']",O,149504,0,0,0,0,0,0,0,0,0,0,0,1,0,0,1,0,0,1,0,0,0,0,0,0
tt0037722,"['Horror','Mystery','Romance']",O,149504,0,0,0,0,0,0,0,0,0,0,0,1,0,0,1,0,0,1,0,0,0,0,0,0
tt0037722,"['Horror','Mystery','Romance']",O,149504,0,0,0,0,0,0,0,0,0,0,0,1,0,0,1,0,0,1,0,0,0,0,0,0
tt0037722,"['Horror','Mystery','Romance']",O,149504,0,0,0,0,0,0,0,0,0,0,0,1,0,0,1,0,0,1,0,0,0,0,0,0
tt0037722,"['Horror','Mystery','Romance']",O,149504,0,0,0,0,0,0,0,0,0,0,0,1,0,0,1,0,0,1,0,0,0,0,0,0
tt0038826,"['Action','Comedy','Romance']",O,131089,1,0,0,0,1,0,0,0,0,0,0,0,0,0,0,0,0,1,0,0,0,0,0,0
tt0038826,"['Action','Comedy','Romance']",O,131089,1,0,0,0,1,0,0,0,0,0,0,0,0,0,0,0,0,1,0,0,0,0,0,0
tt0038826,"['Action','Comedy','Romance']",O,131089,1,0,0,0,1,0,0,0,0,0,0,0,0,0,0,0,0,1,0,0,0,0,0,0
tt0038826,"['Action','Comedy','Romance']",O,131089,1,0,0,0,1,0,0,0,0,0,0,0,0,0,0,0,0,1,0,0,0,0,0,0
tt0038826,"['Action','Comedy','Romance']",O,131089,1,0,0,0,1,0,0,0,0,0,0,0,0,0,0,0,0,1,0,0,0,0,0,0
tt0037509,"['Adventure','Music','Western']",O,8392706,0,1,0,0,0,0,0,0,0,0,0,0,1,0,0,0,0,0,0,0,0,0,0,1
tt0037218,"['Adventure','Music','Western']",O,8392706,0,1,0,0,0,0,0,0,0,0,0,0,1,0,0,0,0,0,0,0,0,0,0,1
tt0037509,"['Adventure','Music','Western']",O,8392706,0,1,0,0,0,0,0,0,0,0,0,0,1,0,0,0,0,0,0,0,0,0,0,1
tt0037218,"['Adventure','Music','Western']",O,8392706,0,1,0,0,0,0,0,0,0,0,0,0,1,0,0,0,0,0,0,0,0,0,0,1
tt0038241,"['Action','Romance','Western']",O,8519681,1,0,0,0,0,0,0,0,0,0,0,0,0,0,0,0,0,1,0,0,0,0,0,1
tt0038237,"['Action','Romance','Western']",O,8519681,1,0,0,0,0,0,0,0,0,0,0,0,0,0,0,0,0,1,0,0,0,0,0,1
tt0038241,"['Action','Romance','Western']",O,8519681,1,0,0,0,0,0,0,0,0,0,0,0,0,0,0,0,0,1,0,0,0,0,0,1
tt0038237,"['Action','Romance','Western']",O,8519681,1,0,0,0,0,0,0,0,0,0,0,0,0,0,0,0,0,1,0,0,0,0,0,1
tt0037539,"['Crime','Drama','Film-Noir','Thriller']",O,2097760,0,0,0,0,0,1,1,0,0,1,0,0,0,0,0,0,0,0,0,0,0,1,0,0
tt0037622,"['Crime','Drama','Film-Noir','Thriller']",O,2097760,0,0,0,0,0,1,1,0,0,1,0,0,0,0,0,0,0,0,0,0,0,1,0,0
tt0037539,"['Crime','Drama','Film-Noir','Thriller']",O,2097760,0,0,0,0,0,1,1,0,0,1,0,0,0,0,0,0,0,0,0,0,0,1,0,0
tt0037622,"['Crime','Drama','Film-Noir','Thriller']",O,2097760,0,0,0,0,0,1,1,0,0,1,0,0,0,0,0,0,0,0,0,0,0,1,0,0
tt0037541,"['Comedy','Drama','Music','Sport']",O,528464,0,0,0,0,1,0,1,0,0,0,0,0,1,0,0,0,0,0,0,1,0,0,0,0
tt0037541,"['Comedy','Drama','Music','Sport']",O,528464,0,0,0,0,1,0,1,0,0,0,0,0,1,0,0,0,0,0,0,1,0,0,0,0
tt0037541,"['Comedy','Drama','Music','Sport']",O,528464,0,0,0,0,1,0,1,0,0,0,0,0,1,0,0,0,0,0,0,1,0,0,0,0
tt0037541,"['Comedy','Drama','Music','Sport']",O,528464,0,0,0,0,1,0,1,0,0,0,0,0,1,0,0,0,0,0,0,1,0,0,0,0
tt0037541,"['Comedy','Drama','Music','Sport']",O,528464,0,0,0,0,1,0,1,0,0,0,0,0,1,0,0,0,0,0,0,1,0,0,0,0
tt0037666,"['Thriller']",O,2097152,0,0,0,0,0,0,0,0,0,0,0,0,0,0,0,0,0,0,0,0,0,1,0,0
tt0039642,"['Thriller']",O,2097152,0,0,0,0,0,0,0,0,0,0,0,0,0,0,0,0,0,0,0,0,0,1,0,0
tt0038117,"['Comedy','Crime','Romance']",O,131120,0,0,0,0,1,1,0,0,0,0,0,0,0,0,0,0,0,1,0,0,0,0,0,0
tt0038079,"['Comedy','Crime','Romance']",O,131120,0,0,0,0,1,1,0,0,0,0,0,0,0,0,0,0,0,1,0,0,0,0,0,0
tt0038117,"['Comedy','Crime','Romance']",O,131120,0,0,0,0,1,1,0,0,0,0,0,0,0,0,0,0,0,1,0,0,0,0,0,0
tt0038079,"['Comedy','Crime','Romance']",O,131120,0,0,0,0,1,1,0,0,0,0,0,0,0,0,0,0,0,1,0,0,0,0,0,0
tt0142666,"['Adventure','Animation','Family','Musical','War']",O,4202630,0,1,1,0,0,0,0,1,0,0,0,0,0,1,0,0,0,0,0,0,0,0,1,0
tt0142666,"['Adventure','Animation','Family','Musical','War']",O,4202630,0,1,1,0,0,0,0,1,0,0,0,0,0,1,0,0,0,0,0,0,0,0,1,0
tt0142666,"['Adventure','Animation','Family','Musical','War']",O,4202630,0,1,1,0,0,0,0,1,0,0,0,0,0,1,0,0,0,0,0,0,0,0,1,0
tt0142666,"['Adventure','Animation','Family','Musical','War']",O,4202630,0,1,1,0,0,0,0,1,0,0,0,0,0,1,0,0,0,0,0,0,0,0,1,0
tt0142666,"['Adventure','Animation','Family','Musical','War']",O,4202630,0,1,1,0,0,0,0,1,0,0,0,0,0,1,0,0,0,0,0,0,0,0,1,0
tt0038172,"['Action','Drama','Family','Western']",O,8388801,1,0,0,0,0,0,1,1,0,0,0,0,0,0,0,0,0,0,0,0,0,0,0,1
tt0038172,"['Action','Drama','Family','Western']",O,8388801,1,0,0,0,0,0,1,1,0,0,0,0,0,0,0,0,0,0,0,0,0,0,0,1
tt0038172,"['Action','Drama','Family','Western']",O,8388801,1,0,0,0,0,0,1,1,0,0,0,0,0,0,0,0,0,0,0,0,0,0,0,1
tt0038172,"['Action','Drama','Family','Western']",O,8388801,1,0,0,0,0,0,1,1,0,0,0,0,0,0,0,0,0,0,0,0,0,0,0,1
tt0038172,"['Action','Drama','Family','Western']",O,8388801,1,0,0,0,0,0,1,1,0,0,0,0,0,0,0,0,0,0,0,0,0,0,0,1
tt0037989,"['Drama','Film-Noir','Horror','Mystery','Romance']",O,150080,0,0,0,0,0,0,1,0,0,1,0,1,0,0,1,0,0,1,0,0,0,0,0,0
tt0037989,"['Drama','Film-Noir','Horror','Mystery','Romance']",O,150080,0,0,0,0,0,0,1,0,0,1,0,1,0,0,1,0,0,1,0,0,0,0,0,0
tt0037989,"['Drama','Film-Noir','Horror','Mystery','Romance']",O,150080,0,0,0,0,0,0,1,0,0,1,0,1,0,0,1,0,0,1,0,0,0,0,0,0
tt0037989,"['Drama','Film-Noir','Horror','Mystery','Romance']",O,150080,0,0,0,0,0,0,1,0,0,1,0,1,0,0,1,0,0,1,0,0,0,0,0,0
tt0037989,"['Drama','Film-Noir','Horror','Mystery','Romance']",O,150080,0,0,0,0,0,0,1,0,0,1,0,1,0,0,1,0,0,1,0,0,0,0,0,0
tt0038039,"['Action','Western']",O,8388609,1,0,0,0,0,0,0,0,0,0,0,0,0,0,0,0,0,0,0,0,0,0,0,1
tt0038039,"['Action','Western']",O,8388609,1,0,0,0,0,0,0,0,0,0,0,0,0,0,0,0,0,0,0,0,0,0,0,1
tt0038039,"['Action','Western']",O,8388609,1,0,0,0,0,0,0,0,0,0,0,0,0,0,0,0,0,0,0,0,0,0,0,1
tt0038039,"['Action','Western']",O,8388609,1,0,0,0,0,0,0,0,0,0,0,0,0,0,0,0,0,0,0,0,0,0,0,1
tt0038039,"['Action','Western']",O,8388609,1,0,0,0,0,0,0,0,0,0,0,0,0,0,0,0,0,0,0,0,0,0,0,1
tt0038071,"['Action','Crime','Drama','Film-Noir']",O,609,1,0,0,0,0,1,1,0,0,1,0,0,0,0,0,0,0,0,0,0,0,0,0,0
tt0038071,"['Action','Crime','Drama','Film-Noir']",O,609,1,0,0,0,0,1,1,0,0,1,0,0,0,0,0,0,0,0,0,0,0,0,0,0
tt0038071,"['Action','Crime','Drama','Film-Noir']",O,609,1,0,0,0,0,1,1,0,0,1,0,0,0,0,0,0,0,0,0,0,0,0,0,0
tt0038071,"['Action','Crime','Drama','Film-Noir']",O,609,1,0,0,0,0,1,1,0,0,1,0,0,0,0,0,0,0,0,0,0,0,0,0,0
tt0038071,"['Action','Crime','Drama','Film-Noir']",O,609,1,0,0,0,0,1,1,0,0,1,0,0,0,0,0,0,0,0,0,0,0,0,0,0
tt0037803,"['Crime','Mystery']",O,16416,0,0,0,0,0,1,0,0,0,0,0,0,0,0,1,0,0,0,0,0,0,0,0,0
tt0037690,"['Crime','Mystery']",O,16416,0,0,0,0,0,1,0,0,0,0,0,0,0,0,1,0,0,0,0,0,0,0,0,0
tt0037621,"['Crime','Mystery']",O,16416,0,0,0,0,0,1,0,0,0,0,0,0,0,0,1,0,0,0,0,0,0,0,0,0
tt0037554,"['Crime','Drama','Mystery']",O,16480,0,0,0,0,0,1,1,0,0,0,0,0,0,0,1,0,0,0,0,0,0,0,0,0
tt0038124,"['Crime','Drama','Horror','Mystery']",O,18528,0,0,0,0,0,1,1,0,0,0,0,1,0,0,1,0,0,0,0,0,0,0,0,0
tt0038124,"['Crime','Drama','Horror','Mystery']",O,18528,0,0,0,0,0,1,1,0,0,0,0,1,0,0,1,0,0,0,0,0,0,0,0,0
tt0038124,"['Crime','Drama','Horror','Mystery']",O,18528,0,0,0,0,0,1,1,0,0,0,0,1,0,0,1,0,0,0,0,0,0,0,0,0
tt0038124,"['Crime','Drama','Horror','Mystery']",O,18528,0,0,0,0,0,1,1,0,0,0,0,1,0,0,1,0,0,0,0,0,0,0,0,0
tt0038124,"['Crime','Drama','Horror','Mystery']",O,18528,0,0,0,0,0,1,1,0,0,0,0,1,0,0,1,0,0,0,0,0,0,0,0,0
tt0038212,"['Comedy','Music','Western']",O,8392720,0,0,0,0,1,0,0,0,0,0,0,0,1,0,0,0,0,0,0,0,0,0,0,1
tt0038069,"['Comedy','Music','Western']",O,8392720,0,0,0,0,1,0,0,0,0,0,0,0,1,0,0,0,0,0,0,0,0,0,0,1
tt0038027,"['Comedy','Music','Western']",O,8392720,0,0,0,0,1,0,0,0,0,0,0,0,1,0,0,0,0,0,0,0,0,0,0,1
tt0038164,"['Adventure','Comedy','Drama','Romance']",O,131154,0,1,0,0,1,0,1,0,0,0,0,0,0,0,0,0,0,1,0,0,0,0,0,0
tt0038164,"['Adventure','Comedy','Drama','Romance']",O,131154,0,1,0,0,1,0,1,0,0,0,0,0,0,0,0,0,0,1,0,0,0,0,0,0
tt0038164,"['Adventure','Comedy','Drama','Romance']",O,131154,0,1,0,0,1,0,1,0,0,0,0,0,0,0,0,0,0,1,0,0,0,0,0,0
tt0038164,"['Adventure','Comedy','Drama','Romance']",O,131154,0,1,0,0,1,0,1,0,0,0,0,0,0,0,0,0,0,1,0,0,0,0,0,0
tt0038164,"['Adventure','Comedy','Drama','Romance']",O,131154,0,1,0,0,1,0,1,0,0,0,0,0,0,0,0,0,0,1,0,0,0,0,0,0
tt0037535,"['Action','Music','Western']",O,8392705,1,0,0,0,0,0,0,0,0,0,0,0,1,0,0,0,0,0,0,0,0,0,0,1
tt0163189,"['Action','Music','Western']",O,8392705,1,0,0,0,0,0,0,0,0,0,0,0,1,0,0,0,0,0,0,0,0,0,0,1
tt0037704,"['Action','Music','Western']",O,8392705,1,0,0,0,0,0,0,0,0,0,0,0,1,0,0,0,0,0,0,0,0,0,0,1
tt0037648,"['Action','Adventure','Comedy','Crime','Drama']",O,115,1,1,0,0,1,1,1,0,0,0,0,0,0,0,0,0,0,0,0,0,0,0,0,0
tt0037648,"['Action','Adventure','Comedy','Crime','Drama']",O,115,1,1,0,0,1,1,1,0,0,0,0,0,0,0,0,0,0,0,0,0,0,0,0,0
tt0037648,"['Action','Adventure','Comedy','Crime','Drama']",O,115,1,1,0,0,1,1,1,0,0,0,0,0,0,0,0,0,0,0,0,0,0,0,0,0
tt0037648,"['Action','Adventure','Comedy','Crime','Drama']",O,115,1,1,0,0,1,1,1,0,0,0,0,0,0,0,0,0,0,0,0,0,0,0,0,0
tt0037648,"['Action','Adventure','Comedy','Crime','Drama']",O,115,1,1,0,0,1,1,1,0,0,0,0,0,0,0,0,0,0,0,0,0,0,0,0,0
tt0037839,"['Action']",O,1,1,0,0,0,0,0,0,0,0,0,0,0,0,0,0,0,0,0,0,0,0,0,0,0
tt9476704,"['Action']",O,1,1,0,0,0,0,0,0,0,0,0,0,0,0,0,0,0,0,0,0,0,0,0,0,0
tt0037839,"['Action']",O,1,1,0,0,0,0,0,0,0,0,0,0,0,0,0,0,0,0,0,0,0,0,0,0,0
tt9476704,"['Action']",O,1,1,0,0,0,0,0,0,0,0,0,0,0,0,0,0,0,0,0,0,0,0,0,0,0
tt0038110,"['Crime','Film-Noir','Mystery']",O,16928,0,0,0,0,0,1,0,0,0,1,0,0,0,0,1,0,0,0,0,0,0,0,0,0
tt0038110,"['Crime','Film-Noir','Mystery']",O,16928,0,0,0,0,0,1,0,0,0,1,0,0,0,0,1,0,0,0,0,0,0,0,0,0
tt0038110,"['Crime','Film-Noir','Mystery']",O,16928,0,0,0,0,0,1,0,0,0,1,0,0,0,0,1,0,0,0,0,0,0,0,0,0
tt0038110,"['Crime','Film-Noir','Mystery']",O,16928,0,0,0,0,0,1,0,0,0,1,0,0,0,0,1,0,0,0,0,0,0,0,0,0
tt0038110,"['Crime','Film-Noir','Mystery']",O,16928,0,0,0,0,0,1,0,0,0,1,0,0,0,0,1,0,0,0,0,0,0,0,0,0
tt0037559,"['Crime','Drama','Romance','Thriller']",O,2228320,0,0,0,0,0,1,1,0,0,0,0,0,0,0,0,0,0,1,0,0,0,1,0,0
tt0037559,"['Crime','Drama','Romance','Thriller']",O,2228320,0,0,0,0,0,1,1,0,0,0,0,0,0,0,0,0,0,1,0,0,0,1,0,0
tt0037559,"['Crime','Drama','Romance','Thriller']",O,2228320,0,0,0,0,0,1,1,0,0,0,0,0,0,0,0,0,0,1,0,0,0,1,0,0
tt0037559,"['Crime','Drama','Romance','Thriller']",O,2228320,0,0,0,0,0,1,1,0,0,0,0,0,0,0,0,0,0,1,0,0,0,1,0,0
tt0037559,"['Crime','Drama','Romance','Thriller']",O,2228320,0,0,0,0,0,1,1,0,0,0,0,0,0,0,0,0,0,1,0,0,0,1,0,0
tt0037556,"['Action','Adventure','Crime','Drama','Thriller']",O,2097251,1,1,0,0,0,1,1,0,0,0,0,0,0,0,0,0,0,0,0,0,0,1,0,0
tt0037556,"['Action','Adventure','Crime','Drama','Thriller']",O,2097251,1,1,0,0,0,1,1,0,0,0,0,0,0,0,0,0,0,0,0,0,0,1,0,0
tt0037556,"['Action','Adventure','Crime','Drama','Thriller']",O,2097251,1,1,0,0,0,1,1,0,0,0,0,0,0,0,0,0,0,0,0,0,0,1,0,0
tt0037556,"['Action','Adventure','Crime','Drama','Thriller']",O,2097251,1,1,0,0,0,1,1,0,0,0,0,0,0,0,0,0,0,0,0,0,0,1,0,0
tt0037556,"['Action','Adventure','Crime','Drama','Thriller']",O,2097251,1,1,0,0,0,1,1,0,0,0,0,0,0,0,0,0,0,0,0,0,0,1,0,0
tt0037750,"['Biography','Drama','Sport']",O,524360,0,0,0,1,0,0,1,0,0,0,0,0,0,0,0,0,0,0,0,1,0,0,0,0
tt0037750,"['Biography','Drama','Sport']",O,524360,0,0,0,1,0,0,1,0,0,0,0,0,0,0,0,0,0,0,0,1,0,0,0,0
tt0037750,"['Biography','Drama','Sport']",O,524360,0,0,0,1,0,0,1,0,0,0,0,0,0,0,0,0,0,0,0,1,0,0,0,0
tt0037750,"['Biography','Drama','Sport']",O,524360,0,0,0,1,0,0,1,0,0,0,0,0,0,0,0,0,0,0,0,1,0,0,0,0
tt0037750,"['Biography','Drama','Sport']",O,524360,0,0,0,1,0,0,1,0,0,0,0,0,0,0,0,0,0,0,0,1,0,0,0,0
tt0038100,"['Music','Musical']",O,12288,0,0,0,0,0,0,0,0,0,0,0,0,1,1,0,0,0,0,0,0,0,0,0,0
tt0038100,"['Music','Musical']",O,12288,0,0,0,0,0,0,0,0,0,0,0,0,1,1,0,0,0,0,0,0,0,0,0,0
tt0038100,"['Music','Musical']",O,12288,0,0,0,0,0,0,0,0,0,0,0,0,1,1,0,0,0,0,0,0,0,0,0,0
tt0038100,"['Music','Musical']",O,12288,0,0,0,0,0,0,0,0,0,0,0,0,1,1,0,0,0,0,0,0,0,0,0,0
tt0038100,"['Music','Musical']",O,12288,0,0,0,0,0,0,0,0,0,0,0,0,1,1,0,0,0,0,0,0,0,0,0,0
tt0037984,"['Action','Crime','Horror','Mystery','Romance']",O,149537,1,0,0,0,0,1,0,0,0,0,0,1,0,0,1,0,0,1,0,0,0,0,0,0
tt0037984,"['Action','Crime','Horror','Mystery','Romance']",O,149537,1,0,0,0,0,1,0,0,0,0,0,1,0,0,1,0,0,1,0,0,0,0,0,0
tt0037984,"['Action','Crime','Horror','Mystery','Romance']",O,149537,1,0,0,0,0,1,0,0,0,0,0,1,0,0,1,0,0,1,0,0,0,0,0,0
tt0037984,"['Action','Crime','Horror','Mystery','Romance']",O,149537,1,0,0,0,0,1,0,0,0,0,0,1,0,0,1,0,0,1,0,0,0,0,0,0
tt0037984,"['Action','Crime','Horror','Mystery','Romance']",O,149537,1,0,0,0,0,1,0,0,0,0,0,1,0,0,1,0,0,1,0,0,0,0,0,0
tt0037949,"['Action','Drama','Romance','Western']",O,8519745,1,0,0,0,0,0,1,0,0,0,0,0,0,0,0,0,0,1,0,0,0,0,0,1
tt0037949,"['Action','Drama','Romance','Western']",O,8519745,1,0,0,0,0,0,1,0,0,0,0,0,0,0,0,0,0,1,0,0,0,0,0,1
tt0037949,"['Action','Drama','Romance','Western']",O,8519745,1,0,0,0,0,0,1,0,0,0,0,0,0,0,0,0,0,1,0,0,0,0,0,1
tt0037949,"['Action','Drama','Romance','Western']",O,8519745,1,0,0,0,0,0,1,0,0,0,0,0,0,0,0,0,0,1,0,0,0,0,0,1
tt0037949,"['Action','Drama','Romance','Western']",O,8519745,1,0,0,0,0,0,1,0,0,0,0,0,0,0,0,0,0,1,0,0,0,0,0,1
tt0037752,"['Film-Noir','Mystery']",O,16896,0,0,0,0,0,0,0,0,0,1,0,0,0,0,1,0,0,0,0,0,0,0,0,0
tt0037752,"['Film-Noir','Mystery']",O,16896,0,0,0,0,0,0,0,0,0,1,0,0,0,0,1,0,0,0,0,0,0,0,0,0
tt0037752,"['Film-Noir','Mystery']",O,16896,0,0,0,0,0,0,0,0,0,1,0,0,0,0,1,0,0,0,0,0,0,0,0,0
tt0037752,"['Film-Noir','Mystery']",O,16896,0,0,0,0,0,0,0,0,0,1,0,0,0,0,1,0,0,0,0,0,0,0,0,0
tt0037752,"['Film-Noir','Mystery']",O,16896,0,0,0,0,0,0,0,0,0,1,0,0,0,0,1,0,0,0,0,0,0,0,0,0
tt0038249,"['Crime','Drama','Music','Romance']",O,135264,0,0,0,0,0,1,1,0,0,0,0,0,1,0,0,0,0,1,0,0,0,0,0,0
tt0038249,"['Crime','Drama','Music','Romance']",O,135264,0,0,0,0,0,1,1,0,0,0,0,0,1,0,0,0,0,1,0,0,0,0,0,0
tt0038249,"['Crime','Drama','Music','Romance']",O,135264,0,0,0,0,0,1,1,0,0,0,0,0,1,0,0,0,0,1,0,0,0,0,0,0
tt0038249,"['Crime','Drama','Music','Romance']",O,135264,0,0,0,0,0,1,1,0,0,0,0,0,1,0,0,0,0,1,0,0,0,0,0,0
tt0038249,"['Crime','Drama','Music','Romance']",O,135264,0,0,0,0,0,1,1,0,0,0,0,0,1,0,0,0,0,1,0,0,0,0,0,0
tt0167227,"['Action','Adventure','Fantasy','Romance']",O,131331,1,1,0,0,0,0,0,0,1,0,0,0,0,0,0,0,0,1,0,0,0,0,0,0
tt0167227,"['Action','Adventure','Fantasy','Romance']",O,131331,1,1,0,0,0,0,0,0,1,0,0,0,0,0,0,0,0,1,0,0,0,0,0,0
tt0167227,"['Action','Adventure','Fantasy','Romance']",O,131331,1,1,0,0,0,0,0,0,1,0,0,0,0,0,0,0,0,1,0,0,0,0,0,0
tt0167227,"['Action','Adventure','Fantasy','Romance']",O,131331,1,1,0,0,0,0,0,0,1,0,0,0,0,0,0,0,0,1,0,0,0,0,0,0
tt0167227,"['Action','Adventure','Fantasy','Romance']",O,131331,1,1,0,0,0,0,0,0,1,0,0,0,0,0,0,0,0,1,0,0,0,0,0,0
tt0037538,"['Action','Drama']",O,65,1,0,0,0,0,0,1,0,0,0,0,0,0,0,0,0,0,0,0,0,0,0,0,0
tt0037538,"['Action','Drama']",O,65,1,0,0,0,0,0,1,0,0,0,0,0,0,0,0,0,0,0,0,0,0,0,0,0
tt0037538,"['Action','Drama']",O,65,1,0,0,0,0,0,1,0,0,0,0,0,0,0,0,0,0,0,0,0,0,0,0,0
tt0037538,"['Action','Drama']",O,65,1,0,0,0,0,0,1,0,0,0,0,0,0,0,0,0,0,0,0,0,0,0,0,0
tt0037538,"['Action','Drama']",O,65,1,0,0,0,0,0,1,0,0,0,0,0,0,0,0,0,0,0,0,0,0,0,0,0
tt0132064,"['Drama','Film-Noir','Mystery','Romance']",O,148032,0,0,0,0,0,0,1,0,0,1,0,0,0,0,1,0,0,1,0,0,0,0,0,0
tt0132064,"['Drama','Film-Noir','Mystery','Romance']",O,148032,0,0,0,0,0,0,1,0,0,1,0,0,0,0,1,0,0,1,0,0,0,0,0,0
tt0132064,"['Drama','Film-Noir','Mystery','Romance']",O,148032,0,0,0,0,0,0,1,0,0,1,0,0,0,0,1,0,0,1,0,0,0,0,0,0
tt0132064,"['Drama','Film-Noir','Mystery','Romance']",O,148032,0,0,0,0,0,0,1,0,0,1,0,0,0,0,1,0,0,1,0,0,0,0,0,0
tt0132064,"['Drama','Film-Noir','Mystery','Romance']",O,148032,0,0,0,0,0,0,1,0,0,1,0,0,0,0,1,0,0,1,0,0,0,0,0,0
tt0036758,"['Comedy','Crime','Mystery','Romance']",O,147504,0,0,0,0,1,1,0,0,0,0,0,0,0,0,1,0,0,1,0,0,0,0,0,0
tt0036758,"['Comedy','Crime','Mystery','Romance']",O,147504,0,0,0,0,1,1,0,0,0,0,0,0,0,0,1,0,0,1,0,0,0,0,0,0
tt0036758,"['Comedy','Crime','Mystery','Romance']",O,147504,0,0,0,0,1,1,0,0,0,0,0,0,0,0,1,0,0,1,0,0,0,0,0,0
tt0036758,"['Comedy','Crime','Mystery','Romance']",O,147504,0,0,0,0,1,1,0,0,0,0,0,0,0,0,1,0,0,1,0,0,0,0,0,0
tt0036758,"['Comedy','Crime','Mystery','Romance']",O,147504,0,0,0,0,1,1,0,0,0,0,0,0,0,0,1,0,0,1,0,0,0,0,0,0
tt0038248,"['Action','Crime','Mystery']",O,16417,1,0,0,0,0,1,0,0,0,0,0,0,0,0,1,0,0,0,0,0,0,0,0,0
tt0038031,"['Action','Crime','Mystery']",O,16417,1,0,0,0,0,1,0,0,0,0,0,0,0,0,1,0,0,0,0,0,0,0,0,0
tt0038248,"['Action','Crime','Mystery']",O,16417,1,0,0,0,0,1,0,0,0,0,0,0,0,0,1,0,0,0,0,0,0,0,0,0
tt0038031,"['Action','Crime','Mystery']",O,16417,1,0,0,0,0,1,0,0,0,0,0,0,0,0,1,0,0,0,0,0,0,0,0,0
tt0037807,"['Comedy','Crime','Music','Mystery']",O,20528,0,0,0,0,1,1,0,0,0,0,0,0,1,0,1,0,0,0,0,0,0,0,0,0
tt0037807,"['Comedy','Crime','Music','Mystery']",O,20528,0,0,0,0,1,1,0,0,0,0,0,0,1,0,1,0,0,0,0,0,0,0,0,0
tt0037807,"['Comedy','Crime','Music','Mystery']",O,20528,0,0,0,0,1,1,0,0,0,0,0,0,1,0,1,0,0,0,0,0,0,0,0,0
tt0037807,"['Comedy','Crime','Music','Mystery']",O,20528,0,0,0,0,1,1,0,0,0,0,0,0,1,0,1,0,0,0,0,0,0,0,0,0
tt0037807,"['Comedy','Crime','Music','Mystery']",O,20528,0,0,0,0,1,1,0,0,0,0,0,0,1,0,1,0,0,0,0,0,0,0,0,0
tt0037300,"['Crime','Drama','Horror']",O,2144,0,0,0,0,0,1,1,0,0,0,0,1,0,0,0,0,0,0,0,0,0,0,0,0
tt0037300,"['Crime','Drama','Horror']",O,2144,0,0,0,0,0,1,1,0,0,0,0,1,0,0,0,0,0,0,0,0,0,0,0,0
tt0037300,"['Crime','Drama','Horror']",O,2144,0,0,0,0,0,1,1,0,0,0,0,1,0,0,0,0,0,0,0,0,0,0,0,0
tt0037300,"['Crime','Drama','Horror']",O,2144,0,0,0,0,0,1,1,0,0,0,0,1,0,0,0,0,0,0,0,0,0,0,0,0
tt0037300,"['Crime','Drama','Horror']",O,2144,0,0,0,0,0,1,1,0,0,0,0,1,0,0,0,0,0,0,0,0,0,0,0,0
tt0274965,"['Crime']",O,32,0,0,0,0,0,1,0,0,0,0,0,0,0,0,0,0,0,0,0,0,0,0,0,0
tt0121500,"['Comedy','Drama','Fantasy','History','Horror','Romance']",O,134480,0,0,0,0,1,0,1,0,1,0,1,1,0,0,0,0,0,1,0,0,0,0,0,0
tt0121500,"['Comedy','Drama','Fantasy','History','Horror','Romance']",O,134480,0,0,0,0,1,0,1,0,1,0,1,1,0,0,0,0,0,1,0,0,0,0,0,0
tt0121500,"['Comedy','Drama','Fantasy','History','Horror','Romance']",O,134480,0,0,0,0,1,0,1,0,1,0,1,1,0,0,0,0,0,1,0,0,0,0,0,0
tt0121500,"['Comedy','Drama','Fantasy','History','Horror','Romance']",O,134480,0,0,0,0,1,0,1,0,1,0,1,1,0,0,0,0,0,1,0,0,0,0,0,0
tt0121500,"['Comedy','Drama','Fantasy','History','Horror','Romance']",O,134480,0,0,0,0,1,0,1,0,1,0,1,1,0,0,0,0,0,1,0,0,0,0,0,0
tt0037847,"['Comedy','Crime','Drama','Music']",O,4208,0,0,0,0,1,1,1,0,0,0,0,0,1,0,0,0,0,0,0,0,0,0,0,0
tt0037847,"['Comedy','Crime','Drama','Music']",O,4208,0,0,0,0,1,1,1,0,0,0,0,0,1,0,0,0,0,0,0,0,0,0,0,0
tt0037847,"['Comedy','Crime','Drama','Music']",O,4208,0,0,0,0,1,1,1,0,0,0,0,0,1,0,0,0,0,0,0,0,0,0,0,0
tt0037847,"['Comedy','Crime','Drama','Music']",O,4208,0,0,0,0,1,1,1,0,0,0,0,0,1,0,0,0,0,0,0,0,0,0,0,0
tt0037847,"['Comedy','Crime','Drama','Music']",O,4208,0,0,0,0,1,1,1,0,0,0,0,0,1,0,0,0,0,0,0,0,0,0,0,0
tt0161535,"['Comedy','Drama','Fantasy']",O,336,0,0,0,0,1,0,1,0,1,0,0,0,0,0,0,0,0,0,0,0,0,0,0,0
tt0036580,"['Comedy','Drama','Fantasy']",O,336,0,0,0,0,1,0,1,0,1,0,0,0,0,0,0,0,0,0,0,0,0,0,0,0
tt0161535,"['Comedy','Drama','Fantasy']",O,336,0,0,0,0,1,0,1,0,1,0,0,0,0,0,0,0,0,0,0,0,0,0,0,0
tt0036580,"['Comedy','Drama','Fantasy']",O,336,0,0,0,0,1,0,1,0,1,0,0,0,0,0,0,0,0,0,0,0,0,0,0,0
tt0038203,"['Action','Adventure','Music','Western']",O,8392707,1,1,0,0,0,0,0,0,0,0,0,0,1,0,0,0,0,0,0,0,0,0,0,1
tt0038021,"['Action','Adventure','Music','Western']",O,8392707,1,1,0,0,0,0,0,0,0,0,0,0,1,0,0,0,0,0,0,0,0,0,0,1
tt0037969,"['Drama','History','Western']",O,8389696,0,0,0,0,0,0,1,0,0,0,1,0,0,0,0,0,0,0,0,0,0,0,0,1
tt0037969,"['Drama','History','Western']",O,8389696,0,0,0,0,0,0,1,0,0,0,1,0,0,0,0,0,0,0,0,0,0,0,0,1
tt0037969,"['Drama','History','Western']",O,8389696,0,0,0,0,0,0,1,0,0,0,1,0,0,0,0,0,0,0,0,0,0,0,0,1
tt0037969,"['Drama','History','Western']",O,8389696,0,0,0,0,0,0,1,0,0,0,1,0,0,0,0,0,0,0,0,0,0,0,0,1
tt0037969,"['Drama','History','Western']",O,8389696,0,0,0,0,0,0,1,0,0,0,1,0,0,0,0,0,0,0,0,0,0,0,0,1
tt0037717,"['Action','Drama','Music','Mystery','Romance','Western']",O,8540225,1,0,0,0,0,0,1,0,0,0,0,0,1,0,1,0,0,1,0,0,0,0,0,1
tt0037717,"['Action','Drama','Music','Mystery','Romance','Western']",O,8540225,1,0,0,0,0,0,1,0,0,0,0,0,1,0,1,0,0,1,0,0,0,0,0,1
tt0037717,"['Action','Drama','Music','Mystery','Romance','Western']",O,8540225,1,0,0,0,0,0,1,0,0,0,0,0,1,0,1,0,0,1,0,0,0,0,0,1
tt0037717,"['Action','Drama','Music','Mystery','Romance','Western']",O,8540225,1,0,0,0,0,0,1,0,0,0,0,0,1,0,1,0,0,1,0,0,0,0,0,1
tt0037717,"['Action','Drama','Music','Mystery','Romance','Western']",O,8540225,1,0,0,0,0,0,1,0,0,0,0,0,1,0,1,0,0,1,0,0,0,0,0,1
tt0038243,"['Comedy','War']",O,4194320,0,0,0,0,1,0,0,0,0,0,0,0,0,0,0,0,0,0,0,0,0,0,1,0
tt0038957,"['Comedy','War']",O,4194320,0,0,0,0,1,0,0,0,0,0,0,0,0,0,0,0,0,0,0,0,0,0,1,0
tt0038088,"['Comedy','War']",O,4194320,0,0,0,0,1,0,0,0,0,0,0,0,0,0,0,0,0,0,0,0,0,0,1,0
tt0037731,"['Adventure','Animation','Musical']",O,8198,0,1,1,0,0,0,0,0,0,0,0,0,0,1,0,0,0,0,0,0,0,0,0,0
tt0037731,"['Adventure','Animation','Musical']",O,8198,0,1,1,0,0,0,0,0,0,0,0,0,0,1,0,0,0,0,0,0,0,0,0,0
tt0037731,"['Adventure','Animation','Musical']",O,8198,0,1,1,0,0,0,0,0,0,0,0,0,0,1,0,0,0,0,0,0,0,0,0,0
tt0037731,"['Adventure','Animation','Musical']",O,8198,0,1,1,0,0,0,0,0,0,0,0,0,0,1,0,0,0,0,0,0,0,0,0,0
tt0037731,"['Adventure','Animation','Musical']",O,8198,0,1,1,0,0,0,0,0,0,0,0,0,0,1,0,0,0,0,0,0,0,0,0,0
tt0037692,"['Adventure','Comedy','Crime','Mystery','Romance','Thriller']",O,2244658,0,1,0,0,1,1,0,0,0,0,0,0,0,0,1,0,0,1,0,0,0,1,0,0
tt0037692,"['Adventure','Comedy','Crime','Mystery','Romance','Thriller']",O,2244658,0,1,0,0,1,1,0,0,0,0,0,0,0,0,1,0,0,1,0,0,0,1,0,0
tt0037692,"['Adventure','Comedy','Crime','Mystery','Romance','Thriller']",O,2244658,0,1,0,0,1,1,0,0,0,0,0,0,0,0,1,0,0,1,0,0,0,1,0,0
tt0037692,"['Adventure','Comedy','Crime','Mystery','Romance','Thriller']",O,2244658,0,1,0,0,1,1,0,0,0,0,0,0,0,0,1,0,0,1,0,0,0,1,0,0
tt0037692,"['Adventure','Comedy','Crime','Mystery','Romance','Thriller']",O,2244658,0,1,0,0,1,1,0,0,0,0,0,0,0,0,1,0,0,1,0,0,0,1,0,0
tt0038049,"['War']",O,4194304,0,0,0,0,0,0,0,0,0,0,0,0,0,0,0,0,0,0,0,0,0,0,1,0
tt0037937,"['War']",O,4194304,0,0,0,0,0,0,0,0,0,0,0,0,0,0,0,0,0,0,0,0,0,0,1,0
tt0175947,"['War']",O,4194304,0,0,0,0,0,0,0,0,0,0,0,0,0,0,0,0,0,0,0,0,0,0,1,0
tt0037742,"['Action','Crime','Drama','Mystery']",O,16481,1,0,0,0,0,1,1,0,0,0,0,0,0,0,1,0,0,0,0,0,0,0,0,0
tt0037742,"['Action','Crime','Drama','Mystery']",O,16481,1,0,0,0,0,1,1,0,0,0,0,0,0,0,1,0,0,0,0,0,0,0,0,0
tt0037742,"['Action','Crime','Drama','Mystery']",O,16481,1,0,0,0,0,1,1,0,0,0,0,0,0,0,1,0,0,0,0,0,0,0,0,0
tt0037742,"['Action','Crime','Drama','Mystery']",O,16481,1,0,0,0,0,1,1,0,0,0,0,0,0,0,1,0,0,0,0,0,0,0,0,0
tt0037742,"['Action','Crime','Drama','Mystery']",O,16481,1,0,0,0,0,1,1,0,0,0,0,0,0,0,1,0,0,0,0,0,0,0,0,0
tt0204319,"['Drama','Fantasy','Mystery']",O,16704,0,0,0,0,0,0,1,0,1,0,0,0,0,0,1,0,0,0,0,0,0,0,0,0
tt0204319,"['Drama','Fantasy','Mystery']",O,16704,0,0,0,0,0,0,1,0,1,0,0,0,0,0,1,0,0,0,0,0,0,0,0,0
tt0204319,"['Drama','Fantasy','Mystery']",O,16704,0,0,0,0,0,0,1,0,1,0,0,0,0,0,1,0,0,0,0,0,0,0,0,0
tt0204319,"['Drama','Fantasy','Mystery']",O,16704,0,0,0,0,0,0,1,0,1,0,0,0,0,0,1,0,0,0,0,0,0,0,0,0
tt0204319,"['Drama','Fantasy','Mystery']",O,16704,0,0,0,0,0,0,1,0,1,0,0,0,0,0,1,0,0,0,0,0,0,0,0,0
tt0037909,"['Music','Romance']",O,135168,0,0,0,0,0,0,0,0,0,0,0,0,1,0,0,0,0,1,0,0,0,0,0,0
tt0038099,"['Music','Romance']",O,135168,0,0,0,0,0,0,0,0,0,0,0,0,1,0,0,0,0,1,0,0,0,0,0,0
tt0037909,"['Music','Romance']",O,135168,0,0,0,0,0,0,0,0,0,0,0,0,1,0,0,0,0,1,0,0,0,0,0,0
tt0038099,"['Music','Romance']",O,135168,0,0,0,0,0,0,0,0,0,0,0,0,1,0,0,0,0,1,0,0,0,0,0,0
tt0038255,"['Action','Crime','Drama','Romance']",O,131169,1,0,0,0,0,1,1,0,0,0,0,0,0,0,0,0,0,1,0,0,0,0,0,0
tt0038255,"['Action','Crime','Drama','Romance']",O,131169,1,0,0,0,0,1,1,0,0,0,0,0,0,0,0,0,0,1,0,0,0,0,0,0
tt0038255,"['Action','Crime','Drama','Romance']",O,131169,1,0,0,0,0,1,1,0,0,0,0,0,0,0,0,0,0,1,0,0,0,0,0,0
tt0038255,"['Action','Crime','Drama','Romance']",O,131169,1,0,0,0,0,1,1,0,0,0,0,0,0,0,0,0,0,1,0,0,0,0,0,0
tt0038255,"['Action','Crime','Drama','Romance']",O,131169,1,0,0,0,0,1,1,0,0,0,0,0,0,0,0,0,0,1,0,0,0,0,0,0
tt0038258,"['Horror','Mystery']",O,18432,0,0,0,0,0,0,0,0,0,0,0,1,0,0,1,0,0,0,0,0,0,0,0,0
tt0038258,"['Horror','Mystery']",O,18432,0,0,0,0,0,0,0,0,0,0,0,1,0,0,1,0,0,0,0,0,0,0,0,0
tt0038258,"['Horror','Mystery']",O,18432,0,0,0,0,0,0,0,0,0,0,0,1,0,0,1,0,0,0,0,0,0,0,0,0
tt0038258,"['Horror','Mystery']",O,18432,0,0,0,0,0,0,0,0,0,0,0,1,0,0,1,0,0,0,0,0,0,0,0,0
tt0038258,"['Horror','Mystery']",O,18432,0,0,0,0,0,0,0,0,0,0,0,1,0,0,1,0,0,0,0,0,0,0,0,0
tt0038102,"['Music','Romance','Western']",O,8523776,0,0,0,0,0,0,0,0,0,0,0,0,1,0,0,0,0,1,0,0,0,0,0,1
tt0038090,"['Music','Romance','Western']",O,8523776,0,0,0,0,0,0,0,0,0,0,0,0,1,0,0,0,0,1,0,0,0,0,0,1
tt0038102,"['Music','Romance','Western']",O,8523776,0,0,0,0,0,0,0,0,0,0,0,0,1,0,0,0,0,1,0,0,0,0,0,1
tt0038090,"['Music','Romance','Western']",O,8523776,0,0,0,0,0,0,0,0,0,0,0,0,1,0,0,0,0,1,0,0,0,0,0,1
tt0038234,"['Action','Adventure','Western']",O,8388611,1,1,0,0,0,0,0,0,0,0,0,0,0,0,0,0,0,0,0,0,0,0,0,1
tt0173942,"['Action','Crime','Romance','Western']",O,8519713,1,0,0,0,0,1,0,0,0,0,0,0,0,0,0,0,0,1,0,0,0,0,0,1
tt0173942,"['Action','Crime','Romance','Western']",O,8519713,1,0,0,0,0,1,0,0,0,0,0,0,0,0,0,0,0,1,0,0,0,0,0,1
tt0173942,"['Action','Crime','Romance','Western']",O,8519713,1,0,0,0,0,1,0,0,0,0,0,0,0,0,0,0,0,1,0,0,0,0,0,1
tt0173942,"['Action','Crime','Romance','Western']",O,8519713,1,0,0,0,0,1,0,0,0,0,0,0,0,0,0,0,0,1,0,0,0,0,0,1
tt0173942,"['Action','Crime','Romance','Western']",O,8519713,1,0,0,0,0,1,0,0,0,0,0,0,0,0,0,0,0,1,0,0,0,0,0,1
tt0037600,"['Action','Adventure','Romance','Western']",O,8519683,1,1,0,0,0,0,0,0,0,0,0,0,0,0,0,0,0,1,0,0,0,0,0,1
tt0037600,"['Action','Adventure','Romance','Western']",O,8519683,1,1,0,0,0,0,0,0,0,0,0,0,0,0,0,0,0,1,0,0,0,0,0,1
tt0037600,"['Action','Adventure','Romance','Western']",O,8519683,1,1,0,0,0,0,0,0,0,0,0,0,0,0,0,0,0,1,0,0,0,0,0,1
tt0037600,"['Action','Adventure','Romance','Western']",O,8519683,1,1,0,0,0,0,0,0,0,0,0,0,0,0,0,0,0,1,0,0,0,0,0,1
tt0037600,"['Action','Adventure','Romance','Western']",O,8519683,1,1,0,0,0,0,0,0,0,0,0,0,0,0,0,0,0,1,0,0,0,0,0,1
tt0038101,"['Action','Drama','Music','Romance','Western']",O,8523841,1,0,0,0,0,0,1,0,0,0,0,0,1,0,0,0,0,1,0,0,0,0,0,1
tt0038320,"['Action','Drama','Music','Romance','Western']",O,8523841,1,0,0,0,0,0,1,0,0,0,0,0,1,0,0,0,0,1,0,0,0,0,0,1
tt0038101,"['Action','Drama','Music','Romance','Western']",O,8523841,1,0,0,0,0,0,1,0,0,0,0,0,1,0,0,0,0,1,0,0,0,0,0,1
tt0038320,"['Action','Drama','Music','Romance','Western']",O,8523841,1,0,0,0,0,0,1,0,0,0,0,0,1,0,0,0,0,1,0,0,0,0,0,1
tt0037712,"['Comedy','Crime','Drama','Mystery']",O,16496,0,0,0,0,1,1,1,0,0,0,0,0,0,0,1,0,0,0,0,0,0,0,0,0
tt0037712,"['Comedy','Crime','Drama','Mystery']",O,16496,0,0,0,0,1,1,1,0,0,0,0,0,0,0,1,0,0,0,0,0,0,0,0,0
tt0037712,"['Comedy','Crime','Drama','Mystery']",O,16496,0,0,0,0,1,1,1,0,0,0,0,0,0,0,1,0,0,0,0,0,0,0,0,0
tt0037712,"['Comedy','Crime','Drama','Mystery']",O,16496,0,0,0,0,1,1,1,0,0,0,0,0,0,0,1,0,0,0,0,0,0,0,0,0
tt0037712,"['Comedy','Crime','Drama','Mystery']",O,16496,0,0,0,0,1,1,1,0,0,0,0,0,0,0,1,0,0,0,0,0,0,0,0,0
tt0038058,"['Action','Crime','Mystery','Romance']",O,147489,1,0,0,0,0,1,0,0,0,0,0,0,0,0,1,0,0,1,0,0,0,0,0,0
tt0038058,"['Action','Crime','Mystery','Romance']",O,147489,1,0,0,0,0,1,0,0,0,0,0,0,0,0,1,0,0,1,0,0,0,0,0,0
tt0038058,"['Action','Crime','Mystery','Romance']",O,147489,1,0,0,0,0,1,0,0,0,0,0,0,0,0,1,0,0,1,0,0,0,0,0,0
tt0038058,"['Action','Crime','Mystery','Romance']",O,147489,1,0,0,0,0,1,0,0,0,0,0,0,0,0,1,0,0,1,0,0,0,0,0,0
tt0038058,"['Action','Crime','Mystery','Romance']",O,147489,1,0,0,0,0,1,0,0,0,0,0,0,0,0,1,0,0,1,0,0,0,0,0,0
tt0037616,"['Action','Adventure','War','Western']",O,12582915,1,1,0,0,0,0,0,0,0,0,0,0,0,0,0,0,0,0,0,0,0,0,1,1
tt0037616,"['Action','Adventure','War','Western']",O,12582915,1,1,0,0,0,0,0,0,0,0,0,0,0,0,0,0,0,0,0,0,0,0,1,1
tt0037616,"['Action','Adventure','War','Western']",O,12582915,1,1,0,0,0,0,0,0,0,0,0,0,0,0,0,0,0,0,0,0,0,0,1,1
tt0037616,"['Action','Adventure','War','Western']",O,12582915,1,1,0,0,0,0,0,0,0,0,0,0,0,0,0,0,0,0,0,0,0,0,1,1
tt0037616,"['Action','Adventure','War','Western']",O,12582915,1,1,0,0,0,0,0,0,0,0,0,0,0,0,0,0,0,0,0,0,0,0,1,1
tt0037766,"['Comedy','Drama','Musical','Western']",O,8396880,0,0,0,0,1,0,1,0,0,0,0,0,0,1,0,0,0,0,0,0,0,0,0,1
tt0037766,"['Comedy','Drama','Musical','Western']",O,8396880,0,0,0,0,1,0,1,0,0,0,0,0,0,1,0,0,0,0,0,0,0,0,0,1
tt0037766,"['Comedy','Drama','Musical','Western']",O,8396880,0,0,0,0,1,0,1,0,0,0,0,0,0,1,0,0,0,0,0,0,0,0,0,1
tt0037766,"['Comedy','Drama','Musical','Western']",O,8396880,0,0,0,0,1,0,1,0,0,0,0,0,0,1,0,0,0,0,0,0,0,0,0,1
tt0037766,"['Comedy','Drama','Musical','Western']",O,8396880,0,0,0,0,1,0,1,0,0,0,0,0,0,1,0,0,0,0,0,0,0,0,0,1
tt0217513,"['Comedy','Drama','Music','Romance']",O,135248,0,0,0,0,1,0,1,0,0,0,0,0,1,0,0,0,0,1,0,0,0,0,0,0
tt0266507,"['Comedy','Drama','Music','Romance']",O,135248,0,0,0,0,1,0,1,0,0,0,0,0,1,0,0,0,0,1,0,0,0,0,0,0
tt0217513,"['Comedy','Drama','Music','Romance']",O,135248,0,0,0,0,1,0,1,0,0,0,0,0,1,0,0,0,0,1,0,0,0,0,0,0
tt0266507,"['Comedy','Drama','Music','Romance']",O,135248,0,0,0,0,1,0,1,0,0,0,0,0,1,0,0,0,0,1,0,0,0,0,0,0
tt0037770,"['Comedy','Music','Musical','Romance']",O,143376,0,0,0,0,1,0,0,0,0,0,0,0,1,1,0,0,0,1,0,0,0,0,0,0
tt0037770,"['Comedy','Music','Musical','Romance']",O,143376,0,0,0,0,1,0,0,0,0,0,0,0,1,1,0,0,0,1,0,0,0,0,0,0
tt0037770,"['Comedy','Music','Musical','Romance']",O,143376,0,0,0,0,1,0,0,0,0,0,0,0,1,1,0,0,0,1,0,0,0,0,0,0
tt0037770,"['Comedy','Music','Musical','Romance']",O,143376,0,0,0,0,1,0,0,0,0,0,0,0,1,1,0,0,0,1,0,0,0,0,0,0
tt0037770,"['Comedy','Music','Musical','Romance']",O,143376,0,0,0,0,1,0,0,0,0,0,0,0,1,1,0,0,0,1,0,0,0,0,0,0
tt0038103,"['Action','Adventure','Comedy','Music','Romance']",O,135187,1,1,0,0,1,0,0,0,0,0,0,0,1,0,0,0,0,1,0,0,0,0,0,0
tt0038103,"['Action','Adventure','Comedy','Music','Romance']",O,135187,1,1,0,0,1,0,0,0,0,0,0,0,1,0,0,0,0,1,0,0,0,0,0,0
tt0038103,"['Action','Adventure','Comedy','Music','Romance']",O,135187,1,1,0,0,1,0,0,0,0,0,0,0,1,0,0,0,0,1,0,0,0,0,0,0
tt0038103,"['Action','Adventure','Comedy','Music','Romance']",O,135187,1,1,0,0,1,0,0,0,0,0,0,0,1,0,0,0,0,1,0,0,0,0,0,0
tt0038103,"['Action','Adventure','Comedy','Music','Romance']",O,135187,1,1,0,0,1,0,0,0,0,0,0,0,1,0,0,0,0,1,0,0,0,0,0,0
tt0038037,"['Action','Comedy','Drama']",O,81,1,0,0,0,1,0,1,0,0,0,0,0,0,0,0,0,0,0,0,0,0,0,0,0
tt0038037,"['Action','Comedy','Drama']",O,81,1,0,0,0,1,0,1,0,0,0,0,0,0,0,0,0,0,0,0,0,0,0,0,0
tt0038037,"['Action','Comedy','Drama']",O,81,1,0,0,0,1,0,1,0,0,0,0,0,0,0,0,0,0,0,0,0,0,0,0,0
tt0038037,"['Action','Comedy','Drama']",O,81,1,0,0,0,1,0,1,0,0,0,0,0,0,0,0,0,0,0,0,0,0,0,0,0
tt0038037,"['Action','Comedy','Drama']",O,81,1,0,0,0,1,0,1,0,0,0,0,0,0,0,0,0,0,0,0,0,0,0,0,0
tt0038082,"['Action','Comedy','Music','Romance']",O,135185,1,0,0,0,1,0,0,0,0,0,0,0,1,0,0,0,0,1,0,0,0,0,0,0
tt0038082,"['Action','Comedy','Music','Romance']",O,135185,1,0,0,0,1,0,0,0,0,0,0,0,1,0,0,0,0,1,0,0,0,0,0,0
tt0038082,"['Action','Comedy','Music','Romance']",O,135185,1,0,0,0,1,0,0,0,0,0,0,0,1,0,0,0,0,1,0,0,0,0,0,0
tt0038082,"['Action','Comedy','Music','Romance']",O,135185,1,0,0,0,1,0,0,0,0,0,0,0,1,0,0,0,0,1,0,0,0,0,0,0
tt0038082,"['Action','Comedy','Music','Romance']",O,135185,1,0,0,0,1,0,0,0,0,0,0,0,1,0,0,0,0,1,0,0,0,0,0,0
tt0037592,"['Crime','Drama','Romance']",O,131168,0,0,0,0,0,1,1,0,0,0,0,0,0,0,0,0,0,1,0,0,0,0,0,0
tt0037532,"['Crime','Drama','Romance']",O,131168,0,0,0,0,0,1,1,0,0,0,0,0,0,0,0,0,0,1,0,0,0,0,0,0
tt0037592,"['Crime','Drama','Romance']",O,131168,0,0,0,0,0,1,1,0,0,0,0,0,0,0,0,0,0,1,0,0,0,0,0,0
tt0037532,"['Crime','Drama','Romance']",O,131168,0,0,0,0,0,1,1,0,0,0,0,0,0,0,0,0,0,1,0,0,0,0,0,0
tt0140957,"['Fantasy']",O,256,0,0,0,0,0,0,0,0,1,0,0,0,0,0,0,0,0,0,0,0,0,0,0,0
tt0136734,"['Fantasy']",O,256,0,0,0,0,0,0,0,0,1,0,0,0,0,0,0,0,0,0,0,0,0,0,0,0
tt0140957,"['Fantasy']",O,256,0,0,0,0,0,0,0,0,1,0,0,0,0,0,0,0,0,0,0,0,0,0,0,0
tt0136734,"['Fantasy']",O,256,0,0,0,0,0,0,0,0,1,0,0,0,0,0,0,0,0,0,0,0,0,0,0,0
tt0037782,"['Comedy','Drama','Music']",O,4176,0,0,0,0,1,0,1,0,0,0,0,0,1,0,0,0,0,0,0,0,0,0,0,0
tt0037782,"['Comedy','Drama','Music']",O,4176,0,0,0,0,1,0,1,0,0,0,0,0,1,0,0,0,0,0,0,0,0,0,0,0
tt0037782,"['Comedy','Drama','Music']",O,4176,0,0,0,0,1,0,1,0,0,0,0,0,1,0,0,0,0,0,0,0,0,0,0,0
tt0037782,"['Comedy','Drama','Music']",O,4176,0,0,0,0,1,0,1,0,0,0,0,0,1,0,0,0,0,0,0,0,0,0,0,0
tt0037782,"['Comedy','Drama','Music']",O,4176,0,0,0,0,1,0,1,0,0,0,0,0,1,0,0,0,0,0,0,0,0,0,0,0
tt0237800,"['History','Romance']",O,132096,0,0,0,0,0,0,0,0,0,0,1,0,0,0,0,0,0,1,0,0,0,0,0,0
tt0237800,"['History','Romance']",O,132096,0,0,0,0,0,0,0,0,0,0,1,0,0,0,0,0,0,1,0,0,0,0,0,0
tt0237800,"['History','Romance']",O,132096,0,0,0,0,0,0,0,0,0,0,1,0,0,0,0,0,0,1,0,0,0,0,0,0
tt0237800,"['History','Romance']",O,132096,0,0,0,0,0,0,0,0,0,0,1,0,0,0,0,0,0,1,0,0,0,0,0,0
tt0237800,"['History','Romance']",O,132096,0,0,0,0,0,0,0,0,0,0,1,0,0,0,0,0,0,1,0,0,0,0,0,0
tt0037665,"['Drama','Music','Romance']",O,135232,0,0,0,0,0,0,1,0,0,0,0,0,1,0,0,0,0,1,0,0,0,0,0,0
tt0037665,"['Drama','Music','Romance']",O,135232,0,0,0,0,0,0,1,0,0,0,0,0,1,0,0,0,0,1,0,0,0,0,0,0
tt0037665,"['Drama','Music','Romance']",O,135232,0,0,0,0,0,0,1,0,0,0,0,0,1,0,0,0,0,1,0,0,0,0,0,0
tt0037665,"['Drama','Music','Romance']",O,135232,0,0,0,0,0,0,1,0,0,0,0,0,1,0,0,0,0,1,0,0,0,0,0,0
tt0037665,"['Drama','Music','Romance']",O,135232,0,0,0,0,0,0,1,0,0,0,0,0,1,0,0,0,0,1,0,0,0,0,0,0
tt0139914,"['Adventure','Drama','Romance','War']",O,4325442,0,1,0,0,0,0,1,0,0,0,0,0,0,0,0,0,0,1,0,0,0,0,1,0
tt0139914,"['Adventure','Drama','Romance','War']",O,4325442,0,1,0,0,0,0,1,0,0,0,0,0,0,0,0,0,0,1,0,0,0,0,1,0
tt0139914,"['Adventure','Drama','Romance','War']",O,4325442,0,1,0,0,0,0,1,0,0,0,0,0,0,0,0,0,0,1,0,0,0,0,1,0
tt0139914,"['Adventure','Drama','Romance','War']",O,4325442,0,1,0,0,0,0,1,0,0,0,0,0,0,0,0,0,0,1,0,0,0,0,1,0
tt0139914,"['Adventure','Drama','Romance','War']",O,4325442,0,1,0,0,0,0,1,0,0,0,0,0,0,0,0,0,0,1,0,0,0,0,1,0
tt0218072,"['Action','Comedy','Drama','Western']",O,8388689,1,0,0,0,1,0,1,0,0,0,0,0,0,0,0,0,0,0,0,0,0,0,0,1
tt0218072,"['Action','Comedy','Drama','Western']",O,8388689,1,0,0,0,1,0,1,0,0,0,0,0,0,0,0,0,0,0,0,0,0,0,0,1
tt0218072,"['Action','Comedy','Drama','Western']",O,8388689,1,0,0,0,1,0,1,0,0,0,0,0,0,0,0,0,0,0,0,0,0,0,0,1
tt0218072,"['Action','Comedy','Drama','Western']",O,8388689,1,0,0,0,1,0,1,0,0,0,0,0,0,0,0,0,0,0,0,0,0,0,0,1
tt0218072,"['Action','Comedy','Drama','Western']",O,8388689,1,0,0,0,1,0,1,0,0,0,0,0,0,0,0,0,0,0,0,0,0,0,0,1
tt0038594,"['History','Musical']",O,9216,0,0,0,0,0,0,0,0,0,0,1,0,0,1,0,0,0,0,0,0,0,0,0,0
tt0038594,"['History','Musical']",O,9216,0,0,0,0,0,0,0,0,0,0,1,0,0,1,0,0,0,0,0,0,0,0,0,0
tt0038594,"['History','Musical']",O,9216,0,0,0,0,0,0,0,0,0,0,1,0,0,1,0,0,0,0,0,0,0,0,0,0
tt0038594,"['History','Musical']",O,9216,0,0,0,0,0,0,0,0,0,0,1,0,0,1,0,0,0,0,0,0,0,0,0,0
tt0038594,"['History','Musical']",O,9216,0,0,0,0,0,0,0,0,0,0,1,0,0,1,0,0,0,0,0,0,0,0,0,0
tt0194976,"['Drama','Sci-Fi']",O,262208,0,0,0,0,0,0,1,0,0,0,0,0,0,0,0,0,0,0,1,0,0,0,0,0
tt0194976,"['Drama','Sci-Fi']",O,262208,0,0,0,0,0,0,1,0,0,0,0,0,0,0,0,0,0,0,1,0,0,0,0,0
tt0194976,"['Drama','Sci-Fi']",O,262208,0,0,0,0,0,0,1,0,0,0,0,0,0,0,0,0,0,0,1,0,0,0,0,0
tt0194976,"['Drama','Sci-Fi']",O,262208,0,0,0,0,0,0,1,0,0,0,0,0,0,0,0,0,0,0,1,0,0,0,0,0
tt0194976,"['Drama','Sci-Fi']",O,262208,0,0,0,0,0,0,1,0,0,0,0,0,0,0,0,0,0,0,1,0,0,0,0,0
tt0038242,"['Comedy','Musical','Mystery']",O,24592,0,0,0,0,1,0,0,0,0,0,0,0,0,1,1,0,0,0,0,0,0,0,0,0
tt0038242,"['Comedy','Musical','Mystery']",O,24592,0,0,0,0,1,0,0,0,0,0,0,0,0,1,1,0,0,0,0,0,0,0,0,0
tt0038242,"['Comedy','Musical','Mystery']",O,24592,0,0,0,0,1,0,0,0,0,0,0,0,0,1,1,0,0,0,0,0,0,0,0,0
tt0038242,"['Comedy','Musical','Mystery']",O,24592,0,0,0,0,1,0,0,0,0,0,0,0,0,1,1,0,0,0,0,0,0,0,0,0
tt0038242,"['Comedy','Musical','Mystery']",O,24592,0,0,0,0,1,0,0,0,0,0,0,0,0,1,1,0,0,0,0,0,0,0,0,0
tt0037851,"['Comedy','Family','Romance']",O,131216,0,0,0,0,1,0,0,1,0,0,0,0,0,0,0,0,0,1,0,0,0,0,0,0
tt0037851,"['Comedy','Family','Romance']",O,131216,0,0,0,0,1,0,0,1,0,0,0,0,0,0,0,0,0,1,0,0,0,0,0,0
tt0037851,"['Comedy','Family','Romance']",O,131216,0,0,0,0,1,0,0,1,0,0,0,0,0,0,0,0,0,1,0,0,0,0,0,0
tt0037851,"['Comedy','Family','Romance']",O,131216,0,0,0,0,1,0,0,1,0,0,0,0,0,0,0,0,0,1,0,0,0,0,0,0
tt0037851,"['Comedy','Family','Romance']",O,131216,0,0,0,0,1,0,0,1,0,0,0,0,0,0,0,0,0,1,0,0,0,0,0,0
tt0037516,"['Comedy','Fantasy','Music','Romance']",O,135440,0,0,0,0,1,0,0,0,1,0,0,0,1,0,0,0,0,1,0,0,0,0,0,0
tt0037516,"['Comedy','Fantasy','Music','Romance']",O,135440,0,0,0,0,1,0,0,0,1,0,0,0,1,0,0,0,0,1,0,0,0,0,0,0
tt0037516,"['Comedy','Fantasy','Music','Romance']",O,135440,0,0,0,0,1,0,0,0,1,0,0,0,1,0,0,0,0,1,0,0,0,0,0,0
tt0037516,"['Comedy','Fantasy','Music','Romance']",O,135440,0,0,0,0,1,0,0,0,1,0,0,0,1,0,0,0,0,1,0,0,0,0,0,0
tt0037516,"['Comedy','Fantasy','Music','Romance']",O,135440,0,0,0,0,1,0,0,0,1,0,0,0,1,0,0,0,0,1,0,0,0,0,0,0
tt5125104,"['Music']",O,4096,0,0,0,0,0,0,0,0,0,0,0,0,1,0,0,0,0,0,0,0,0,0,0,0
tt5125104,"['Music']",O,4096,0,0,0,0,0,0,0,0,0,0,0,0,1,0,0,0,0,0,0,0,0,0,0,0
tt5125104,"['Music']",O,4096,0,0,0,0,0,0,0,0,0,0,0,0,1,0,0,0,0,0,0,0,0,0,0,0
tt5125104,"['Music']",O,4096,0,0,0,0,0,0,0,0,0,0,0,0,1,0,0,0,0,0,0,0,0,0,0,0
tt5125104,"['Music']",O,4096,0,0,0,0,0,0,0,0,0,0,0,0,1,0,0,0,0,0,0,0,0,0,0,0
tt0038106,"['Romance','Western']",O,8519680,0,0,0,0,0,0,0,0,0,0,0,0,0,0,0,0,0,1,0,0,0,0,0,1
tt0038106,"['Romance','Western']",O,8519680,0,0,0,0,0,0,0,0,0,0,0,0,0,0,0,0,0,1,0,0,0,0,0,1
tt0038106,"['Romance','Western']",O,8519680,0,0,0,0,0,0,0,0,0,0,0,0,0,0,0,0,0,1,0,0,0,0,0,1
tt0038106,"['Romance','Western']",O,8519680,0,0,0,0,0,0,0,0,0,0,0,0,0,0,0,0,0,1,0,0,0,0,0,1
tt0038106,"['Romance','Western']",O,8519680,0,0,0,0,0,0,0,0,0,0,0,0,0,0,0,0,0,1,0,0,0,0,0,1
tt0126345,"['Drama','Family','Music']",O,4288,0,0,0,0,0,0,1,1,0,0,0,0,1,0,0,0,0,0,0,0,0,0,0,0
tt0126345,"['Drama','Family','Music']",O,4288,0,0,0,0,0,0,1,1,0,0,0,0,1,0,0,0,0,0,0,0,0,0,0,0
tt0126345,"['Drama','Family','Music']",O,4288,0,0,0,0,0,0,1,1,0,0,0,0,1,0,0,0,0,0,0,0,0,0,0,0
tt0126345,"['Drama','Family','Music']",O,4288,0,0,0,0,0,0,1,1,0,0,0,0,1,0,0,0,0,0,0,0,0,0,0,0
tt0126345,"['Drama','Family','Music']",O,4288,0,0,0,0,0,0,1,1,0,0,0,0,1,0,0,0,0,0,0,0,0,0,0,0
tt0126110,"['Comedy','Crime','Thriller']",O,2097200,0,0,0,0,1,1,0,0,0,0,0,0,0,0,0,0,0,0,0,0,0,1,0,0
tt0126110,"['Comedy','Crime','Thriller']",O,2097200,0,0,0,0,1,1,0,0,0,0,0,0,0,0,0,0,0,0,0,0,0,1,0,0
tt0126110,"['Comedy','Crime','Thriller']",O,2097200,0,0,0,0,1,1,0,0,0,0,0,0,0,0,0,0,0,0,0,0,0,1,0,0
tt0126110,"['Comedy','Crime','Thriller']",O,2097200,0,0,0,0,1,1,0,0,0,0,0,0,0,0,0,0,0,0,0,0,0,1,0,0
tt0126110,"['Comedy','Crime','Thriller']",O,2097200,0,0,0,0,1,1,0,0,0,0,0,0,0,0,0,0,0,0,0,0,0,1,0,0
tt0313528,"['Action','Drama','Romance']",O,131137,1,0,0,0,0,0,1,0,0,0,0,0,0,0,0,0,0,1,0,0,0,0,0,0
tt0313528,"['Action','Drama','Romance']",O,131137,1,0,0,0,0,0,1,0,0,0,0,0,0,0,0,0,0,1,0,0,0,0,0,0
tt0313528,"['Action','Drama','Romance']",O,131137,1,0,0,0,0,0,1,0,0,0,0,0,0,0,0,0,0,1,0,0,0,0,0,0
tt0313528,"['Action','Drama','Romance']",O,131137,1,0,0,0,0,0,1,0,0,0,0,0,0,0,0,0,0,1,0,0,0,0,0,0
tt0313528,"['Action','Drama','Romance']",O,131137,1,0,0,0,0,0,1,0,0,0,0,0,0,0,0,0,0,1,0,0,0,0,0,0
tt0286642,"['Drama','Musical','Romance']",O,139328,0,0,0,0,0,0,1,0,0,0,0,0,0,1,0,0,0,1,0,0,0,0,0,0
tt0286642,"['Drama','Musical','Romance']",O,139328,0,0,0,0,0,0,1,0,0,0,0,0,0,1,0,0,0,1,0,0,0,0,0,0
tt0286642,"['Drama','Musical','Romance']",O,139328,0,0,0,0,0,0,1,0,0,0,0,0,0,1,0,0,0,1,0,0,0,0,0,0
tt0286642,"['Drama','Musical','Romance']",O,139328,0,0,0,0,0,0,1,0,0,0,0,0,0,1,0,0,0,1,0,0,0,0,0,0
tt0286642,"['Drama','Musical','Romance']",O,139328,0,0,0,0,0,0,1,0,0,0,0,0,0,1,0,0,0,1,0,0,0,0,0,0
tt0257652,"['History','War']",O,4195328,0,0,0,0,0,0,0,0,0,0,1,0,0,0,0,0,0,0,0,0,0,0,1,0
tt0257652,"['History','War']",O,4195328,0,0,0,0,0,0,0,0,0,0,1,0,0,0,0,0,0,0,0,0,0,0,1,0
tt0257652,"['History','War']",O,4195328,0,0,0,0,0,0,0,0,0,0,1,0,0,0,0,0,0,0,0,0,0,0,1,0
tt0257652,"['History','War']",O,4195328,0,0,0,0,0,0,0,0,0,0,1,0,0,0,0,0,0,0,0,0,0,0,1,0
tt0257652,"['History','War']",O,4195328,0,0,0,0,0,0,0,0,0,0,1,0,0,0,0,0,0,0,0,0,0,0,1,0
tt0037835,"['Adventure','Biography','Drama']",O,74,0,1,0,1,0,0,1,0,0,0,0,0,0,0,0,0,0,0,0,0,0,0,0,0
tt0037835,"['Adventure','Biography','Drama']",O,74,0,1,0,1,0,0,1,0,0,0,0,0,0,0,0,0,0,0,0,0,0,0,0,0
tt0037835,"['Adventure','Biography','Drama']",O,74,0,1,0,1,0,0,1,0,0,0,0,0,0,0,0,0,0,0,0,0,0,0,0,0
tt0037835,"['Adventure','Biography','Drama']",O,74,0,1,0,1,0,0,1,0,0,0,0,0,0,0,0,0,0,0,0,0,0,0,0,0
tt0037835,"['Adventure','Biography','Drama']",O,74,0,1,0,1,0,0,1,0,0,0,0,0,0,0,0,0,0,0,0,0,0,0,0,0
tt0037852,"['Crime','Drama','Thriller']",O,2097248,0,0,0,0,0,1,1,0,0,0,0,0,0,0,0,0,0,0,0,0,0,1,0,0
tt0140405,"['Crime','Drama','Thriller']",O,2097248,0,0,0,0,0,1,1,0,0,0,0,0,0,0,0,0,0,0,0,0,0,1,0,0
tt0037852,"['Crime','Drama','Thriller']",O,2097248,0,0,0,0,0,1,1,0,0,0,0,0,0,0,0,0,0,0,0,0,0,1,0,0
tt0140405,"['Crime','Drama','Thriller']",O,2097248,0,0,0,0,0,1,1,0,0,0,0,0,0,0,0,0,0,0,0,0,0,1,0,0
tt0037876,"['Romance']",O,131072,0,0,0,0,0,0,0,0,0,0,0,0,0,0,0,0,0,1,0,0,0,0,0,0
tt0037876,"['Romance']",O,131072,0,0,0,0,0,0,0,0,0,0,0,0,0,0,0,0,0,1,0,0,0,0,0,0
tt0037876,"['Romance']",O,131072,0,0,0,0,0,0,0,0,0,0,0,0,0,0,0,0,0,1,0,0,0,0,0,0
tt0037876,"['Romance']",O,131072,0,0,0,0,0,0,0,0,0,0,0,0,0,0,0,0,0,1,0,0,0,0,0,0
tt0037876,"['Romance']",O,131072,0,0,0,0,0,0,0,0,0,0,0,0,0,0,0,0,0,1,0,0,0,0,0,0
tt0038095,"['Drama','History','War']",O,4195392,0,0,0,0,0,0,1,0,0,0,1,0,0,0,0,0,0,0,0,0,0,0,1,0
tt0038095,"['Drama','History','War']",O,4195392,0,0,0,0,0,0,1,0,0,0,1,0,0,0,0,0,0,0,0,0,0,0,1,0
tt0038095,"['Drama','History','War']",O,4195392,0,0,0,0,0,0,1,0,0,0,1,0,0,0,0,0,0,0,0,0,0,0,1,0
tt0038095,"['Drama','History','War']",O,4195392,0,0,0,0,0,0,1,0,0,0,1,0,0,0,0,0,0,0,0,0,0,0,1,0
tt0038095,"['Drama','History','War']",O,4195392,0,0,0,0,0,0,1,0,0,0,1,0,0,0,0,0,0,0,0,0,0,0,1,0
tt0037499,"['Family']",O,128,0,0,0,0,0,0,0,1,0,0,0,0,0,0,0,0,0,0,0,0,0,0,0,0
tt0037499,"['Family']",O,128,0,0,0,0,0,0,0,1,0,0,0,0,0,0,0,0,0,0,0,0,0,0,0,0
tt0037499,"['Family']",O,128,0,0,0,0,0,0,0,1,0,0,0,0,0,0,0,0,0,0,0,0,0,0,0,0
tt0037499,"['Family']",O,128,0,0,0,0,0,0,0,1,0,0,0,0,0,0,0,0,0,0,0,0,0,0,0,0
tt0037499,"['Family']",O,128,0,0,0,0,0,0,0,1,0,0,0,0,0,0,0,0,0,0,0,0,0,0,0,0
tt0037914,"['Crime','Drama','War']",O,4194400,0,0,0,0,0,1,1,0,0,0,0,0,0,0,0,0,0,0,0,0,0,0,1,0
tt0037914,"['Crime','Drama','War']",O,4194400,0,0,0,0,0,1,1,0,0,0,0,0,0,0,0,0,0,0,0,0,0,0,1,0
tt0037914,"['Crime','Drama','War']",O,4194400,0,0,0,0,0,1,1,0,0,0,0,0,0,0,0,0,0,0,0,0,0,0,1,0
tt0037914,"['Crime','Drama','War']",O,4194400,0,0,0,0,0,1,1,0,0,0,0,0,0,0,0,0,0,0,0,0,0,0,1,0
tt0037914,"['Crime','Drama','War']",O,4194400,0,0,0,0,0,1,1,0,0,0,0,0,0,0,0,0,0,0,0,0,0,0,1,0
